0.658869651554645 0.7104016887653023 , 0.12800375592518953 0.8334377399285819 , 0.8774327191296131 0.7027657181427744 
0.660468907877241 0.7069144884116103 , 0.125448741138028 0.8201689855728479 , 0.8783884775941786 0.7195216728522004 
0.6633312154243719 0.7035842841203412 , 0.12337249515374242 0.8068119428922584 , 0.8776024160313333 0.7362089198240588 
0.6674595095828085 0.7005531370672561 , 0.12177483362264453 0.793379901184053 , 0.8750717834039945 0.7526721085853494 
0.6728554389555313 0.6979693532616891 , 0.12065473019089287 0.7798864619174372 , 0.8707959574630234 0.7687493316575322 
0.6795177505032135 0.6959915628346753 , 0.1200103734429129 0.7663455454664305 , 0.8647780026633212 0.7842680385355525 
0.6874394293615003 0.6947932390695042 , 0.11983923449510343 0.7527713965831652 , 0.8570274627528439 0.799040511183989 
0.6966030150127611 0.6945676769592869 , 0.12013814804057184 0.7391785897406067 , 0.8475649635561147 0.8128588801367648 
0.7069731776814305 0.6955332377727688 , 0.12090341061550304 0.7255820353616282 , 0.8364295383125141 0.8254898737022613 
0.718485184032209 0.6979381797513146 , 0.12213090084294688 0.7119969875954194 , 0.8236900417342918 0.8366699794899243 
0.7310273792695348 0.7020633651446738 , 0.12381622719928059 0.6984390534302036 , 0.8094625201406324 0.8461027282617808 
0.7444156169871647 0.7082191281869397 , 0.12595490887570795 0.6849242010827777 , 0.7939356007465751 0.8534618175669408 
0.7583587716717968 0.7167291831794866 , 0.128542593265215 0.6714687621002402 , 0.777404761672436 0.8584072015569314 
0.7724195943144333 0.7278902109876552 , 0.13157530689801386 0.6580894157549928 , 0.7603112253970006 0.8606255200940103 
0.785987854127748 0.7418951145998246 , 0.13504972122443562 0.6448031363938868 , 0.7432685512572641 0.8599068958429469 
0.7983017087183839 0.7587228282956987 , 0.1389633873753294 0.6316270782223612 , 0.7270410305157344 0.8562552403185983 
0.8085568640176067 0.778039183067506 , 0.14331486156929657 0.6185783779946255 , 0.7124344010225444 0.8499875857745268 
0.8160912288718307 0.7991931304224371 , 0.14810363410517804 0.605673886945506 , 0.7001112636324389 0.8417381294687152 
0.8205443474646449 0.8213509320052269 , 0.1533298283998604 0.5929298918580632 , 0.6904319507449423 0.8323243229733681 
0.8218881707615602 0.8436921852612367 , 0.1589937393110063 0.5803619093768319 , 0.6834242165368811 0.8225510521985897 
0.8203382915171418 0.8655482309422533 , 0.1650953470280652 0.5679846057550474 , 0.6788724880642406 0.8130723101393575 
0.8162324507733119 0.8864419464986337 , 0.1716339208439531 0.5558118356529785 , 0.6764397549921826 0.804351364685046 
0.8099389332644452 0.9060632370097769 , 0.1786077579952134 0.543856757320999 , 0.6757594353497889 0.7966851525058823 
0.8018069393654739 0.924224308317177 , 0.1860140474248728 0.5321319784471299 , 0.6764851398191009 0.7902488600723514 
0.7921470540022357 0.9408185306792299 , 0.19384882517807736 0.5206497004791797 , 0.6783102474291345 0.7851369156782486 
0.7812279854770086 0.9557897821873229 , 0.20210698687613074 0.5094218441925779 , 0.6809711542563083 0.7813935204567575 
0.7692804846717125 0.9691116610346998 , 0.21078233019182793 0.4984601499225998 , 0.6842433117459071 0.7790333358793586 
0.7565036938891352 0.980774015735755 , 0.21986760902464547 0.4877762519808176 , 0.6879348236956669 0.7780548791200858 
0.7430718002103025 0.9907743961774431 , 0.22935458835246905 0.47738172971037907 , 0.691879738046676 0.7784490209488361 
0.7291402098566266 0.9991126669631109 , 0.23923409399373843 0.4672881387453491 , 0.6959318227590825 0.7802043411281984 
0.7148510816883156 1.005787614232247 , 0.2494960550424167 0.45750702624889394 , 0.6999589898787153 0.7833105063555174 
0.700338326654705 1.010794809832236 , 0.2601295390039403 0.4480499337636751 , 0.7038382609508023 0.7877604032407475 
0.6857322926868722 1.014125293931375 , 0.2711227810794698 0.4389283911161562 , 0.7074510528431055 0.7935514617891273 
0.6711644088458588 1.0157648465561897 , 0.28246320993476004 0.4301539047269585 , 0.7106785078288286 0.8006863955535102 
0.6567721055896888 1.0156937870957448 , 0.2941374728761782 0.4217379437600308 , 0.7133965481435804 0.8091734159808829 
0.6427043817294187 1.013887415194091 , 0.3061314638056805 0.4136919278116802 , 0.7154702810743483 0.8190258038308872 
0.6291284585278295 1.0103174442327867 , 0.3184303577728339 0.4060272202717085 , 0.7167473103087841 0.8302604823321633 
0.6162380290694176 1.0049551683568256 , 0.3310186565147367 0.39875513199766904 , 0.7170494410252932 0.8428948464821637 
0.6042635979322892 0.9977777968207242 , 0.34388025022078744 0.3918869403224313 , 0.7161622784563708 0.8569404096935029 
0.5934850688223483 0.9887806374992597 , 0.3569985020439027 0.3854339281920199 , 0.7138225557431965 0.8723905811453789 
0.5842454000977005 0.9779999549074292 , 0.3703563637130715 0.3794074463594589 , 0.7097043627986755 0.8891977455697705 
0.576960120083181 0.965554433455246 , 0.38393653272548495 0.37381899583561345 , 0.7034094738007817 0.907231717545799 
0.5721073416470601 0.9517152282827787 , 0.39772166239852114 0.3686803140169145 , 0.6944771225638664 0.9262096045369653 
0.5701634080258231 0.93700567165337 , 0.4116946301383414 0.3640034199602792 , 0.6824480884452832 0.9455960552230093 
0.5714342177012309 0.9222860763036208 , 0.42583884382298215 0.3598005307552535 , 0.6670330650852345 0.9645185397777841 
0.5757928035694749 0.9086874644951165 , 0.4401385057086279 0.3560837310875525 , 0.6483748173313447 0.9818339512539894 
0.582532595411342 0.8972728991285561 , 0.45457868217069775 0.3528643537408714 , 0.6271948490274079 0.9964678939672309 
0.5905869031702599 0.8886359586910253 , 0.46914506575423975 0.35015226237065705 , 0.6045741576849479 1.007816925774976 
0.5989394157007724 0.8828210251257772 , 0.4838235213587368 0.34795537797441417 , 0.5815431895499384 1.015828743736467 
0.6068535976920368 0.8795349962955 , 0.4985996456591629 0.3462796002835359 , 0.5588528832582479 1.0207905502576224 
0.6138753227549449 0.87837223913878 , 0.513458481708476 0.34512900664984814 , 0.5369723221460267 1.02310390104803 
0.6197506227495908 0.8789370862097287 , 0.5283843927053719 0.3445061479102362 , 0.516171111154485 1.0231619127166933 
0.6243475240154429 0.8808871686509689 , 0.5433610415437726 0.3444123282425449 , 0.49659756105023206 1.0213056499431443 
0.6276029087548647 0.8839392962062433 , 0.558371425051156 0.34484782586177254 , 0.47833179280342686 1.0178180247686421 
0.6294903383489444 0.8878621333929929 , 0.5733979300755148 0.34581204900802737 , 0.46141785818498837 1.0129309644356377 
0.6300013180370637 0.8924659759048444 , 0.5884223942099629 0.3473036360146472 , 0.4458824143624209 1.0068355349171663 
0.6291344128847097 0.8975931877643243 , 0.6034261637868875 0.34932051151908367 , 0.4317455499378503 0.99969144755325 
0.6268887741307905 0.9031101633080192 , 0.6183901471632344 0.3518599100823962 , 0.41902720531542265 0.9916350734462426 
0.62326008135262 0.9089007299698948 , 0.6332948639661286 0.35491837670784565 , 0.40775118129069887 0.9827860401589175 
0.6182377576860562 0.9148606244890702 , 0.6481204920658978 0.35849175214413054 , 0.3979478768574935 0.9732527702034571 
0.6118027956301894 0.9208926117922405 , 0.6628469142906173 0.362575149752554 , 0.3896564166886408 0.9631373852918633 
0.6039258028069076 0.9269017979783606 , 0.6774537666732854 0.3671629301326786 , 0.3829265571292545 0.9525404187256187 
0.5945650443608262 0.9327906440879982 , 0.691920489536925 0.37224867956755336 , 0.3778205927116962 0.9415658231811064 
0.5836643961167829 0.9384530741453333 , 0.7062263821076407 0.3778251985836781 , 0.37441534838502394 0.9303268741076465 
0.5711513104019055 0.9437668479889388 , 0.7203506607359493 0.3838845074484512 , 0.3728041554715927 0.9189537913992678 
0.5569352723595377 0.9485829835365186 , 0.7342725204177751 0.390417876175679 , 0.37309833383213475 0.9076042871244602 
0.5409080893767019 0.9527104146961348 , 0.7479711995505796 0.3974158874519449 , 0.37542683768216606 0.8964788446885781 
0.5229494093295773 0.955893330260571 , 0.761426049553425 0.40486854148901863 , 0.3799306677264453 0.8858432750870682 
0.5029456789494893 0.9577784562659553 , 0.7746166157046541 0.4127654111159598 , 0.3867438319553042 0.8760612794547427 
0.48084127265420334 0.9578731347942457 , 0.7875227461221113 0.4210958504748063 , 0.39594210783313305 0.8676361615676057 
0.4567583365112342 0.955513614349717 , 0.8001247659265931 0.4298492437024954 , 0.40742302417162035 0.8612422887844453 
0.43122431437369185 0.949921480426525 , 0.8124037818703834 0.439015234576781 , 0.42067803036537244 0.8576684318333517 
0.405417176336477 0.9405088195208727 , 0.8243421864096557 0.44858378933963416 , 0.434546763863315 0.8575125379761508 
0.38099307403418475 0.927406646358237 , 0.835924304022304 0.45854488031823176 , 0.44738874855295896 0.8606536201601889 
0.3592891397461294 0.911565687378683 , 0.8471368333192105 0.4688877911968504 , 0.4578801535441078 0.8661516682611241 
0.34081683000672475 0.894162461555177 , 0.8579687403341184 0.47960049167186586 , 0.4655205562686046 0.8728421936096148 
0.3254898140078429 0.8761132012173044 , 0.8684107611886804 0.49066945597230704 , 0.47040555141292445 0.8798224896470461 
0.31299388497182984 0.8580055715920266 , 0.8784548816619719 0.50207983337663 , 0.47285735997564593 0.8865197418680009 
0.3029861956139805 0.8401936259258508 , 0.8880939607308093 0.5138157380555007 , 0.47322597026465796 0.8925957828553059 
0.2951639619183752 0.8228914549397045 , 0.8973214988505407 0.5258605237234083 , 0.4718206658405319 0.8978531681735447 
0.28927758231086836 0.8062341028042964 , 0.9061315069967253 0.5381970002721598 , 0.46889703730185406 0.9021740437602012 
0.28512575288110986 0.7903131643771815 , 0.9145184376240211 0.550807590826306 , 0.4646619361043168 0.90548439163317 
0.28254660051642294 0.7751972366894794 , 0.9224771520541453 0.5636744403395277 , 0.45928237403887956 0.9077334698076502 
0.28140924066727224 0.7609439482575793 , 0.9300029091451203 0.5767794884558929 , 0.4528939767970552 0.9088817101231852 
0.2816067896007357 0.747607418607562 , 0.9370913664735997 0.5901045176620147 , 0.44560797053511225 0.9088932105670807 
0.28305079060826005 0.7352432986726859 , 0.9437385888096065 0.603631185538057 , 0.4375167471915811 0.9077306626259145 
0.2856667238545367 0.7239126242693269 , 0.9499410604637648 0.6173410479983087 , 0.4286983422911462 0.9053514745690218 
0.28939021367226564 0.7136852401446544 , 0.9556956988669826 0.6312155789437847 , 0.41922021407019944 0.9017043277482183 
0.29416352986232513 0.7046433216852782 , 0.9609998669423879 0.645236190686415 , 0.40914272980473465 0.896725634464964 
0.29993191955948556 0.696885428428968 , 0.9658513817158864 0.6593842587801775 , 0.3985228253340758 0.8903354596275118 
0.30663914304166784 0.690531506420805 , 0.970248516364207 0.6736411544781388 , 0.3874184672035729 0.8824324859377135 
0.31422123063037016 0.6857292569581848 , 0.9741899926799062 0.6879882879574198 , 0.37589490329917136 0.8728876019210525 
0.3225967560405577 0.6826621856477387 , 0.9776749609694173 0.7024071658342435 , 0.3640344095994728 0.861535795354675 
0.33165049845161176 0.6815590790080173 , 0.9807029651331056 0.7168794675591599 , 0.3519526630247305 0.84816660026948 
0.34120466169792696 0.682702513110316 , 0.9832738930730145 0.7313871473851917 , 0.3398275718385064 0.8325154863411494 
0.35096730955808014 0.6864269116718075 , 0.9853879188199418 0.7459125720325218 , 0.327950898231426 0.8142656631323278 
0.3604438954257187 0.6930754981539705 , 0.9870454575837732 0.7604387082192261 , 0.316816773599956 0.7930909404634606 
0.36881610689793676 0.7028346922454018 , 0.9882471865960399 0.7749493733318493 , 0.3072428331154711 0.7688210812594061 
0.37491511996552196 0.7153221265336891 , 0.9889942362920263 0.7894295350653171 , 0.3003967703518995 0.741853485237651 
0.3776687136298172 0.7291196676119381 , 0.9892886690827899 0.8038655458985258 , 0.29734874389684063 0.7136199333261933 
0.37694915819162056 0.7422291847060164 , 0.9891341273730673 0.818245065120191 , 0.2982228410447599 0.6861308970104498 
