0.42302613916160425 0.172850859587093 , 0.6836257444632811 0.7395716035881188 , 0.3953998010928459 0.00037963002350616115 
0.41637047724278714 0.16183500258686107 , 0.6842109964649667 0.7404717426077798 , 0.4014702110099773 0.010495348004077087 
0.40956729691943067 0.14852418925114869 , 0.6846390999534399 0.7410081398739368 , 0.4078452878448607 0.023269764073632557 
0.40281761672208327 0.1323770574534545 , 0.684912591822625 0.7411854778168726 , 0.41432147617302295 0.03923955792839094 
0.3966043215314555 0.11281375391622744 , 0.6850338244001859 0.7410072261480318 , 0.4204135387860899 0.05898111313445875 
0.3919995364664877 0.08998939031448887 , 0.6850046651968666 0.7404751691717352 , 0.42504748305437695 0.08233753371249397 
0.39027978332205354 0.06668916064642642 , 0.684825913356998 0.7395888111942647 , 0.4269459880386797 0.10652412135802695 
0.3911258110702995 0.046263074825646885 , 0.6844966501839426 0.7383452821624281 , 0.4264292234634893 0.1281937362106431 
0.3935059961575806 0.02939997376028608 , 0.6840143013322801 0.7367401636423885 , 0.42453138722787065 0.1466619557960435 
0.3967481242167611 0.015709453029260294 , 0.6833751306486596 0.7347682396947408 , 0.42192842985231066 0.16232440047471694 
0.40048774779454094 0.004715887480064197 , 0.6825746333389601 0.7324238476438262 , 0.41898930358423037 0.1756623580748277 
0.404520369257797 -0.0039561339559552045 , 0.6816077829812719 0.7297010060510837 , 0.4159235324786625 0.18705722110358955 
0.4087223628673063 -0.01058184545941376 , 0.6804691853119913 0.7265934388045937 , 0.4128601365384338 0.19679049985353814 
0.4130129477879136 -0.015360592846972727 , 0.6791531764578244 0.7230945468398179 , 0.4098855604719934 0.205068139205873 
0.4173352007558948 -0.01843634693565506 , 0.6776538868054054 0.7191973494186457 , 0.40706259715643117 0.21204109071572755 
0.42164592037724663 -0.019911941802259303 , 0.6759652824868294 0.7148944044837454 , 0.40444048185365533 0.21781963051723205 
0.4259097922968246 -0.019858457037956467 , 0.6740811916060018 0.7101777119049182 , 0.402060700814905 0.2224828383317565 
0.4300957271318072 -0.018321209167098236 , 0.6719953196949024 0.7050386004055853 , 0.3999606378910217 0.22608470196023114 
0.4341743009018343 -0.01532335018830142 , 0.6697012573708034 0.6994675970006695 , 0.3981761264450937 0.22865784638635006 
0.438115701241479 -0.010867663572739238 , 0.667192482208935 0.6934542761826007 , 0.39674350126731733 0.23021548058885666 
0.4418877870029138 -0.004936844322063948 , 0.6644623561384112 0.6869870844739749 , 0.39570154157640636 0.23075185304680712 
0.4454539280507853 0.0025076937119245584 , 0.6615041189873295 0.680053134031205 , 0.3950936376796165 0.2302412654555885 
0.44877024326945586 0.01152867485247143 , 0.658310877901415 0.6726379564136536 , 0.3949705635468605 0.22863546193259307 
0.45178167933368946 0.022217952797425153 , 0.6548755908570316 0.6647252039764162 , 0.3953944145270102 0.2258589364248768 
0.4544159864364345 0.034704477929376185 , 0.6511910396565668 0.6562962808785837 , 0.39644465862473005 0.2218013343907583 
0.4565738470731077 0.04916655318766476 , 0.6472497821142036 0.647329877186759 , 0.39822805553041996 0.21630566282429445 
0.45811176119881203 0.06584994091155186 , 0.6430440612507076 0.6378013658292997 , 0.4008958622682117 0.2091507864578667 
0.4588110134301831 0.08509127356571837 , 0.6385656233662125 0.6276819994926486 , 0.4046750479213357 0.20002882014035137 
0.4583214271932292 0.1073296874789168 , 0.633805337646373 0.6169378074936381 , 0.409924919878129 0.18853459822616342 
0.4560811425949174 0.13299373606753315 , 0.6287523701469382 0.6055280402531372 , 0.4172181719758757 0.17428031687804796 
0.451410574703696 0.16172569366789652 , 0.6233923506129772 0.5934029964172887 , 0.4272487594010581 0.1576734031135332 
0.44468626435416286 0.19048834112668755 , 0.6177035983849052 0.5805014681394786 , 0.4396618219786632 0.14181228393255227 
0.4378034203507208 0.216186912466157 , 0.6116521237794805 0.5667493310541151 , 0.45259614058752995 0.12986584967844633 
0.4318142435030161 0.23874261835710361 , 0.6051888804112078 0.5520588815689285 , 0.4650485608035074 0.12200059327268636 
0.42701684184368704 0.25890672218662386 , 0.5982472930031785 0.5363261279688882 , 0.4767875498708658 0.11756924304320637 
0.4235025744907993 0.27735295858742987 , 0.5907381883936401 0.5194259402730893 , 0.48781092183329183 0.11602319433819924 
0.4213445720898091 0.2946015088711779 , 0.582540663068523 0.5012051489953699 , 0.4981664495593992 0.11699543533217051 
0.42066046271604657 0.31106783125816934 , 0.5734864021677681 0.48147339853765664 , 0.5079048198339167 0.12026086340289245 
0.4216518317494486 0.3271077711078736 , 0.5633325048124656 0.45999254439617343 , 0.5170673481558172 0.12570177769467145 
0.4246564628402144 0.34304015743912597 , 0.5517138884993655 0.43647081846115 , 0.5256813333781514 0.1332911172984425 
0.43023318271402805 0.3591178242691966 , 0.538065004383652 0.41059181762916697 , 0.5337534976200513 0.14309245130035492 
0.4392524021166269 0.37532124784118726 , 0.5215469441020161 0.38220390641224283 , 0.5412523384990884 0.1552769389452884 
0.4526091560304048 0.3906214676737099 , 0.5013842814348765 0.35202640945130476 , 0.5480582472524501 0.17015421607370387 
0.4694939889668831 0.4023074474868156 , 0.4787200041120333 0.3223229280101562 , 0.5538376916388149 0.1881717177017468 
0.4873486025556269 0.40885843535929917 , 0.45683725198078456 0.2942248873032739 , 0.5578658301813199 0.2097187705361455 
0.5049385369292916 0.41078043190499475 , 0.43800530867716353 0.26732769253903643 , 0.5591078391112762 0.23469396875468743 
0.5220969315329914 0.4086053904609743 , 0.4231270981434688 0.24182515878626967 , 0.5568276550412711 0.26237154395147455 
0.5388929521425833 0.40233945188930126 , 0.4120102299467111 0.21835966328365639 , 0.551148502628437 0.2921029780257609 
0.5551924841250904 0.3915102558815149 , 0.4039013193903147 0.1972836839655368 , 0.5429578812023262 0.3240081533516669 
0.5699997120190657 0.37586096219799553 , 0.3980363886246314 0.17855300088169676 , 0.5340155840740342 0.35838813011902626 
0.581144952440835 0.3579160850154316 , 0.3938596218542236 0.16191802009379527 , 0.5270471104226728 0.3929679880894917 
0.5883016465879034 0.34124007768300585 , 0.39103561200190573 0.14709545748790462 , 0.5227144261279222 0.424466558027808 
0.5925638248534973 0.32649317588820503 , 0.38937665034090163 0.1338583815182806 , 0.5201112095233323 0.4524505357922328 
0.594732745127187 0.31330823668714536 , 0.3887743554563681 0.12204520425253242 , 0.5185445841341761 0.47744865225904065 
0.5952639175690475 0.3012601602205069 , 0.38916427318587743 0.11154535329622729 , 0.5176234939628063 0.49999657968198424 
0.594418431637962 0.29001010214264394 , 0.390509355186543 0.1022863713211879 , 0.5171238978932262 0.5205056197348865 
0.5923503371136726 0.2792950930902411 , 0.3927921072514254 0.09422553160314362 , 0.5169092403526334 0.5392814685053336 
0.5891497560002983 0.2689026093492728 , 0.39601094879198145 0.0873451313190833 , 0.5168909799254516 0.5565543525303622 
0.5848641892941397 0.258649855221908 , 0.40017893669914745 0.08165059209013742 , 0.5170085587244442 0.572501645886673 
0.5795088828236972 0.24836790376317622 , 0.40532412647452526 0.07717098123660196 , 0.5172186754195089 0.5872632081989402 
0.5730710775799978 0.2378883190627257 , 0.4114913865663427 0.07396208247971997 , 0.5174892205713909 0.6009516916562727 
0.5655101919530832 0.227029776293073 , 0.41874580898215263 0.07211274644170444 , 0.5177956837824955 0.6136595704639409 
0.5567546629165946 0.21558192419905026 , 0.4271780747637343 0.07175613307601492 , 0.5181189470374024 0.6254640359236532 
0.5466957183911274 0.2032827001532265 , 0.43691206548106537 0.07308891769500185 , 0.5184439008455385 0.63643047535049 
0.5351795524125904 0.18978333550176174 , 0.44811355014672805 0.07640377400652718 , 0.5187585821584128 0.6466149836904295 
0.5220076018664289 0.17459449224932427 , 0.4609904061508943 0.08214141705618662 , 0.5190536767004079 0.6560661838932075 
0.5069972532921235 0.15702875382932852 , 0.4757321105822008 0.09094683286596351 , 0.5193223208434068 0.6648265065034263 
0.4903508913796284 0.13635235175845448 , 0.49214057908295616 0.10351679264952443 , 0.5195602142551465 0.6729329487907394 
0.4738758370641224 0.11318967699176019 , 0.5084097682444843 0.11919528280153949 , 0.5197660794091244 0.6804171334054187 
0.4603269514796781 0.09082579124647336 , 0.5217827048227884 0.1346718050823381 , 0.5199420284152646 0.6873044968699069 
0.44992885395397314 0.07095664545576329 , 0.5320303734187214 0.14823130872015608 , 0.5200924573450366 0.693614139022799 
0.44195687183391613 0.05358885504685653 , 0.539872392276992 0.1598528888669467 , 0.520222420606823 0.6993603492849151 
0.4358168004421387 0.03840590342952985 , 0.5458980830809829 0.16984212134441476 , 0.5203368011946096 0.7045540684247737 
0.43111166355100344 0.025116895620565377 , 0.5505000244600186 0.1784813814157905 , 0.5204399967067092 0.7092038161623625 
0.42757622480727014 0.013498528938965774 , 0.5539396415806591 0.18598730733625077 , 0.5205358183298019 0.7133162569235019 
0.42502716613461994 0.003384647024651296 , 0.5563970444974959 0.1925208899641028 , 0.5206274740856153 0.7168965562099643 
0.42333318208709725 -0.005348167382484578 , 0.5580009177051451 0.1982016460408921 , 0.5207175849254888 0.7199486145403108 
0.4223972887064747 -0.012791659249376811 , 0.5588461838257284 0.2031185254634643 , 0.5208082121855282 0.7224752269846308 
0.4221460641431561 -0.01901358101869643 , 0.5590047335422393 0.20733747856767754 , 0.5209008870323358 0.7244781956497371 
0.42252286716405735 -0.02406288481410315 , 0.558532179777141 0.2109065666505441 , 0.5209966377765329 0.7259584113622772 
0.4234834124521206 -0.02797318629736175 , 0.5574722589166192 0.21385936488697516 , 0.5210960133489914 0.7269159146091048 
0.42499279281547697 -0.030765013846085813 , 0.5558597894865099 0.21621716482865658 , 0.5211991024157444 0.7273499422161473 
0.4270234200754433 -0.03244716505378748 , 0.553722716413484 0.21799029414832546 , 0.5213055482288039 0.7272589641041801 
0.4295535661909676 -0.03301735802808108 , 0.5510835588443503 0.21917873809733854 , 0.5214145596824133 0.7266407131294607 
0.4325663041375016 -0.03246226772943777 , 0.5479604612560955 0.21977215077841783 , 0.5215249193241343 0.7254922101497381 
0.43604871446002347 -0.03075695884663119 , 0.5443679809098471 0.21974926620678387 , 0.5216349893478609 0.7238097858385655 
0.4399912579462174 -0.0278636504079094 , 0.5403177098360493 0.2190766433539732 , 0.5217427169354647 0.7215891002526543 
0.44438722520504575 -0.023729657372363117 , 0.535818818738268 0.21770658996736766 , 0.5218456407744176 0.7188251606037136 
0.44923215809133954 -0.018284230401908536 , 0.5308786253972783 0.21557398666186828 , 0.5219409012291135 0.7155123369387584 
0.4545230807156284 -0.011433826220087439 , 0.5255033464259237 0.2125915451629384 , 0.5220252575761792 0.7116443742558671 
0.46025723722311584 -0.0030550385165047655 , 0.5196993304305243 0.20864273413887166 , 0.5220951170640911 0.7072143975763512 
0.4664297015580442 0.007016069881910586 , 0.5134754006278347 0.2035711203946751 , 0.5221465825318523 0.7022149029221324 
0.47302841350429253 0.019000237792048624 , 0.5068477429702798 0.1971641348494327 , 0.5221755282431589 0.6966377205572367 
0.480023094139984 0.033199699449758625 , 0.4998508726279555 0.1891284695484244 , 0.5221777179497917 0.690473924200535 
0.48733868851423007 0.05003306709402427 , 0.4925640106125901 0.1790553917153832 , 0.522148985590911 0.6837136343893105 
0.4947873538351603 0.0700670234751424 , 0.48517882355752284 0.16638946012573935 , 0.5220855073250481 0.6763456095978362 
0.5018913393392052 0.09393443353583635 , 0.4781761481039448 0.15051126334557788 , 0.5219841972745812 0.6683563963173037 
0.5075367185355338 0.12159502755012555 , 0.47267175223554503 0.13147851811811267 , 0.5218432139466523 0.6597285475304797 
0.5102934150349722 0.1504048114946445 , 0.47009600342931573 0.11196012591806877 , 0.5216622662534433 0.6504371557860047 
0.5103758174887769 0.177025534088048 , 0.47023409221011 0.09533108010635859 , 0.5214417750188441 0.6404454790043114 
0.5088451373893664 0.2007768298740651 , 0.4720253413578038 0.08232219120755796 , 0.5211812059705608 0.6297030721170949 
