0.12478375475705794 0.8245680283759671 , 0.832128199279442 0.2521595200007657 , 0.03645126717457636 0.7375096107049105 
0.12980755619334283 0.8193639842639111 , 0.8214941598932011 0.26338913927310625 , 0.04206150512453248 0.7314840355446259 
0.13276372799017322 0.811913833297567 , 0.8106611520463861 0.27475798794558337 , 0.049938341174517016 0.727565337838493 
0.1335914310126012 0.8021100972630897 , 0.7996178637971254 0.28627225090708164 , 0.0601539264013497 0.725854810911472 
0.13215045083476729 0.789752864252204 , 0.7883516473109139 0.2979386764262228 , 0.07286112306539513 0.7265456184032165 
0.12826707547835453 0.7745805324874191 , 0.7768483362839763 0.30976464089438177 , 0.08824780944874547 0.7298919856998425 
0.12198476910180549 0.7565007378761422 , 0.7650920880277301 0.3217582143463354 , 0.10628636408154073 0.7359782068591657 
0.1144117919746697 0.7364676255103574 , 0.753065310921618 0.333928220085795 , 0.12588611831478858 0.743841313485491 
0.10809957376761958 0.7170606233878098 , 0.7407487058996253 0.34628428430629954 , 0.14451494154383143 0.750892251387534 
0.1045583008176729 0.6999914952451831 , 0.7281211529319911 0.3588369173473036 , 0.16068376746141227 0.7554087464891566 
0.10390231878516501 0.6855125134605118 , 0.7151591735344528 0.3715976832772866 , 0.1743017288914584 0.7571269623438449 
0.10590216582369343 0.6734557276031669 , 0.7018361517201017 0.38457942767959186 , 0.18562490366728107 0.7562020037988846 
0.11035603082452608 0.6636440108313749 , 0.6881213983232345 0.39779653794490466 , 0.1948857920633157 0.7527966103053637 
0.11715292483619003 0.6559754825743853 , 0.6739789925667408 0.4112652373159612 , 0.20223130380814552 0.7469964391912968 
0.12627408264120044 0.650434698485161 , 0.659366286009978 0.4250039177949538 , 0.20772285255989784 0.7387985428015285 
0.13778976629261794 0.6470950961030586 , 0.6442319159999539 0.439033511882501 , 0.21134153891850446 0.7281085510960836 
0.15185736673586953 0.646122080065302 , 0.6285131256818342 0.45337789316614235 , 0.21299272879337264 0.7147371858501987 
0.1686970303633636 0.6477538708037295 , 0.6121321366344774 0.46806428458761684 , 0.21253405421323535 0.6984190036902969 
0.1884300160549025 0.6521369424472192 , 0.5949913257077482 0.4831236657253639 , 0.2099418794484257 0.6789765509090601 
0.21042371261596426 0.6586058960633694 , 0.5769671644461458 0.49859130955951925 , 0.2059723441489663 0.6570399534587545 
0.23249688553889022 0.6646904042868617 , 0.5579031390544544 0.5145080184901573 , 0.2029631966177317 0.6350387363046243 
0.2528834091114636 0.668155749735734 , 0.5375995434931523 0.5309226929447416 , 0.2028802686064604 0.6151587164011676 
0.27141161243550166 0.6684465100336447 , 0.515793114132525 0.5478955859555324 , 0.20615849464304964 0.5978950630924659 
0.28849312406475447 0.6655997999198696 , 0.4921195406874668 0.5655015469426473 , 0.21275055645885507 0.583135812219126 
0.3046716374740465 0.6596591834702649 , 0.46604662616700443 0.5838312324809108 , 0.22264495757002542 0.5707467431304672 
0.32061743914513985 0.6505313464795516 , 0.4367539722665723 0.6029769251816828 , 0.23599180979936427 0.5607288874204086 
0.33726183613085026 0.6380111999404533 , 0.4029618732919254 0.6229181820477563 , 0.2531395117883008 0.5533077770934334 
0.35542441554994836 0.6223877310064532 , 0.3633437281315676 0.6427533166203834 , 0.27459507752956047 0.5490961114548064 
0.37183223819526945 0.6064025307782162 , 0.32094700088510864 0.6585365056717772 , 0.30058398213069837 0.5492981226316496 
0.3826839116368356 0.5908704417305637 , 0.28062760965647565 0.6682970530345679 , 0.3300516999177652 0.5550696643165114 
0.3879980280631828 0.5749930424108892 , 0.24391688794648608 0.6734338263964482 , 0.3614483052014076 0.5658102902743054 
0.38917204123491794 0.5595062922835967 , 0.21074208881448875 0.6757444675695512 , 0.3934490911616698 0.5789863992284949 
0.3893791761475056 0.5467495133732495 , 0.1804458948267605 0.6763636607719123 , 0.4235381502368104 0.591123984936481 
0.39073792999120455 0.537633266687684 , 0.15241903325207162 0.6758857745003602 , 0.4502062579678004 0.6007181178935986 
0.3937154702714787 0.5317873021843154 , 0.12622232430487693 0.6746357745279523 , 0.473425426634721 0.6078140823693752 
0.3982920149693656 0.5286889011864038 , 0.10154710843425269 0.6728123068923803 , 0.4935240978074583 0.6127359510028588 
0.4043983539583856 0.5279318133061746 , 0.07816937553385672 0.6705491668241665 , 0.5107954917188343 0.6157561789513017 
0.4120104011679229 0.5292319787502532 , 0.055919726021096114 0.6679428688885352 , 0.5254330940220576 0.6170623114428545 
0.4211658817926946 0.5323997059395753 , 0.03466514938861974 0.6650663050065769 , 0.5375321900297624 0.6167711481354906 
0.43196984694298 0.5373172239690713 , 0.014297865757835551 0.6619761983201962 , 0.5470955085102611 0.6149437367923754 
0.44460464650211945 0.5439235061128578 , -0.0052717084587751185 0.6587175153765312 , 0.5540302831677324 0.6115961375922538 
0.45934843145262366 0.5522009143590964 , -0.024119531748658694 0.6553262504901614 , 0.5581343215071117 0.6067099942323851 
0.4765980757870855 0.5621493464286147 , -0.042310980158643145 0.6518312645628774 , 0.5590761255826343 0.6002565480901507 
0.49685482286189614 0.5737010606281124 , -0.05990288771649669 0.6482555245558865 , 0.5564112860656772 0.5922805738976439 
0.5204490710412563 0.5864276094133278 , -0.07694486152912852 0.6446169231664742 , 0.549859011698949 0.5831926265018408 
0.5463713081143058 0.5988947496798411 , -0.09347997788191471 0.6409288083974325 , 0.5404718909786858 0.5744136010043692 
0.5715214875546366 0.6091448329493271 , -0.10954500179202695 0.6372005536999283 , 0.5313867354484673 0.5678917724323874 
0.5938504713557837 0.6167177731422517 , -0.12517090565824132 0.633438756593583 , 0.5246836555135345 0.564080629345808 
0.6130178897512332 0.6220319920221095 , -0.14038415132809481 0.6296485931588116 , 0.5207294827879385 0.5625565739007217 
0.6291959660047686 0.6255320436646135 , -0.15520793856339926 0.6258345854369469 , 0.5193751937697076 0.5628705299800822 
0.6425939080374288 0.6275363859567734 , -0.16966307440354764 0.6220009147208257 , 0.5204323875771958 0.5646998584040435 
0.6533535414542042 0.628258863654715 , -0.18376853933431217 0.6181515231531878 , 0.5237782190911848 0.5678267722737399 
0.6615339168188944 0.6278418650597062 , -0.19754185723855794 0.6142901277625529 , 0.5293711616307404 0.5721051662593836 
0.6671093146903712 0.6263801623552331 , -0.21099933964561302 0.6104202009029915 , 0.5372532461663188 0.5774367958234179 
0.6699628264696277 0.6239381782985659 , -0.22415624605281714 0.606544939970672 , 0.5475566407942665 0.5837540408124047 
0.6698718141286675 0.6205674463341494 , -0.2370268840221416 0.6026672355883396 , 0.5605182911045511 0.5910024771591538 
0.6664918372212025 0.6163374129242473 , -0.24962466046017465 0.5987896410828872 , 0.5764960444500491 0.5991101050745082 
0.6593879527429488 0.6114146898001327 , -0.26196208462410236 0.5949143430647021 , 0.5959373530922305 0.6079081262168079 
0.6483536315052234 0.6062790750412835 , -0.2740507105770935 0.5910431330017832 , 0.6190603002829471 0.616914951038576 
0.6346547699919577 0.6020670840942001 , -0.2859009982471399 0.587177389832577 , 0.6446094494662592 0.6249926851548657 
0.6217489853845966 0.5999465933881208 , -0.2975221406958418 0.5833181234788296 , 0.6691363765223223 0.6309724422146924 
0.6118487478232115 0.5998679012960411 , -0.30892213115209244 0.5794661326894678 , 0.690436604539958 0.6349031250961339 
0.6052556459252233 0.6013126248786562 , -0.3201081186416901 0.57562215498479 , 0.7082156939275439 0.6373023792181965 
0.6017256655578098 0.6038649526800834 , -0.33108672652526805 0.5717869228020498 , 0.7227242821785353 0.6385852835995095 
0.6009948772003406 0.6072489854738887 , -0.34186424382810787 0.5679611669300149 , 0.7342325878388444 0.6390270066777392 
0.6028852214530891 0.6112798921481397 , -0.35244672873377786 0.5641456021054055 , 0.7429247284917659 0.6388116648280975 
0.6073142436747162 0.6158257197209323 , -0.3628400607030788 0.5603409087900761 , 0.7488890382394398 0.6380705305706343 
0.6142920875847837 0.6207824286138559 , -0.3730499620760734 0.5565477161260718 , 0.7521210957023668 0.636907014341715 
0.6239237668684057 0.6260548225674992 , -0.3830820001820242 0.552766587765016 , 0.7525214545246958 0.6354157487491277 
0.6364190823223879 0.6315356686364156 , -0.39294157524872847 0.5489980111025535 , 0.7498857141374178 0.6337034793426737 
0.6521009252068153 0.6370717643423546 , -0.40263389543599454 0.5452423902043376 , 0.7438961914402564 0.6319230045349506 
0.6713571143435626 0.6423948215853241 , -0.4121639365223859 0.5415000432048493 , 0.7341700433899004 0.6303422942914694 
0.6942856128284843 0.6469895744689735 , -0.42153637936198823 0.5377712068442143 , 0.7206139877445811 0.6294763777684549 
0.7194180043574291 0.6500586311405041 , -0.4307555181139361 0.5340560557806345 , 0.7047007349675842 0.6301224721605041 
0.7431308933362641 0.6512971228210511 , -0.4398251717787236 0.5303547484974617 , 0.6900574996535367 0.6325852877631299 
0.76326139036799 0.651290013921752 , -0.4487487255066233 0.5266674787360751 , 0.6788505563497105 0.6362796664238156 
0.7796321163923992 0.6506192996246073 , -0.4575292919807632 0.5229944810039425 , 0.6712603967994413 0.6406233784530929 
0.7925824951727638 0.6496324059359956 , -0.46616984028843694 0.5193360075005345 , 0.6669505663267504 0.6452687456451126 
0.8024401760962746 0.6485338591580885 , -0.4746732648019924 0.515692304417481 , 0.6655963099167952 0.6500109955060732 
0.8094277403741246 0.6474594293541859 , -0.48304241672410814 0.5120635943022778 , 0.666977897561061 0.6547141354251792 
0.8136620487548092 0.646516130120398 , -0.4912801151242431 0.5084500642518567 , 0.6709812875805113 0.6592709647093882 
0.8151631531223397 0.6458059880435741 , -0.49938914628815384 0.5048518587953078 , 0.6775892143768917 0.6635793122427608 
0.8138567034340408 0.6454452229050868 , -0.5073722557187506 0.501269076586749 , 0.6868787734957872 0.667522859589807 
0.8095693496072983 0.645586955450831 , -0.5152321346430007 0.49770177046704533 , 0.6990260062467798 0.6709484331637664 
0.8020288801907944 0.6464561214894065 , -0.522971401200155 0.49414995100647013 , 0.714305742220438 0.6736310865857662 
0.7909280062291807 0.6484047112126631 , -0.5305925749486248 0.4906135945285304 , 0.7330277899305216 0.6752188533404493 
0.7763027991177665 0.6519530739580675 , -0.5380980419037613 0.4870926582805092 , 0.7551584639970724 0.675191426843066 
0.7597855440704745 0.6575122159982655 , -0.5454900093440955 0.4835871077139283 , 0.7790676864846986 0.6731378353694488 
0.7449744687971619 0.6644923656280686 , -0.5527704719965534 0.4800969553884024 , 0.801159224410469 0.6696478380651716 
0.7338180475694649 0.6718049886157256 , -0.5599412467103236 0.47662227874044916 , 0.8194864203519363 0.6658098917254678 
0.7263448957939226 0.678847210167516 , -0.5670040511878676 0.47316319546179597 , 0.8340223766050225 0.6622267534523305 
0.7221437960563863 0.6853664880200159 , -0.5739605569507423 0.4697198317110877 , 0.8451799821054335 0.659150839350539 
0.7208506649577164 0.6912446627278671 , -0.5808124131254302 0.4662923004152521 , 0.8533249693787913 0.6567001959385234 
0.7222201040037892 0.6964042600539905 , -0.5875612543644834 0.4628806886751424 , 0.8587043715717718 0.6549522103525097 
0.7261162103116175 0.7007698929748303 , -0.5942087008475454 0.4594850512886202 , 0.8614557117470056 0.6539822148181921 
0.7324982547876073 0.7042475042398105 , -0.6007563541141484 0.456105408406448 , 0.861621320537619 0.653884246435384 
0.7414138445071339 0.7067063804405352 , -0.6072057904146502 0.4527417462386012 , 0.8591551671185942 0.6547890324025061 
0.752998018544606 0.7079559839028713 , -0.6135585522146958 0.4493940203728979 , 0.8539237548811677 0.6568871548058732 
0.7674645054771485 0.7077120834322675 , -0.6198161378483888 0.44606216184711295 , 0.8457148535823182 0.6604629138022619 
0.7850285958664477 0.7055590070313461 , -0.625979988853911 0.44274608685976286 , 0.8343146141985412 0.6659320651905334 
0.8055208047024339 0.7010047483792817 , -0.632051474473925 0.43944571212353967 , 0.819893890982569 0.6737866985788209 
