0.9860421518779201 0.41821663909309215 , 0.565128205908257 0.49558235779634385 , 0.9925586524394898 0.3887168586187961 
0.9961142159194237 0.42301035329446796 , 0.5622938397475727 0.4880546661690779 , 0.9853209545586704 0.3914508360446863 
1.0047885920258026 0.42518138874630856 , 0.560414899922282 0.480346147494483 , 0.9785255182775824 0.3969883192674406 
1.0108689964984257 0.42511883675588513 , 0.5594939368984199 0.4724812498330574 , 0.9733660768288215 0.40491576891928965 
1.0135793662300658 0.4235302589451833 , 0.5595391998003133 0.46448484077629587 , 0.9706104441952879 0.414500755786753 
1.0125446805562734 0.4212888260533931 , 0.5605627802665959 0.45638349419753343 , 0.9706215494027975 0.42484353525730567 
1.0077751916908553 0.41936084362429177 , 0.5625789163814775 0.44820547451434845 , 0.9733749021533341 0.4349495373695919 
0.9997234384609763 0.4187393241314804 , 0.5656036449267698 0.439979758774651 , 0.9784019268379207 0.4437967726021007 
0.9893548126446071 0.4202894852212027 , 0.5696563936186831 0.43173508114510234 , 0.9847178039623767 0.4504912891419271 
0.9780585637322419 0.42449559226248 , 0.574762989625628 0.42350019949493306 , 0.9909074568677971 0.45452006375081905 
0.9673038175692906 0.43127934079409397 , 0.5809584279837353 0.41530596295017813 , 0.9954667646726411 0.45593055176396 
0.9582561876699542 0.4400630564395642 , 0.5882877356736759 0.4071884932341846 , 0.9971850868820369 0.4552643058344833 
0.9516162761758582 0.44998303635068276 , 0.5968047475426294 0.3991919992453845 , 0.9953079865071794 0.4533408199121649 
0.9476449323384462 0.46006244853735867 , 0.6065702811692344 0.39137016026000093 , 0.9895137967179864 0.4510832467108726 
0.9462071285687806 0.4692995402491809 , 0.6176519177761564 0.38378623209296175 , 0.97986996388073 0.4494300831660895 
0.9467479106102651 0.4767384424766739 , 0.630127235786845 0.3765134572390585 , 0.9668538638285569 0.4492639557924998 
0.9482354248077456 0.48160642521648905 , 0.6440909344292934 0.36963851323301755 , 0.9514026509886279 0.4512709170587256 
0.9492206241994491 0.48353281708099355 , 0.6596639265909943 0.36327095358155176 , 0.9348444594352235 0.45571208484568687 
0.9481440562352225 0.48270397744993615 , 0.6770000258461356 0.3575601766900671 , 0.9185849281443088 0.4622517013682289 
0.9437360109056666 0.47977003504275795 , 0.696285562748305 0.35271866310836064 , 0.9037074365716953 0.4700271573571136 
0.9352057786231542 0.4755740280891616 , 0.7177310201462996 0.34904877301723475 , 0.890792211456213 0.4778930544018358 
0.9221917881144361 0.4709174136940588 , 0.7415591270717062 0.34697447805181836 , 0.8799780950395245 0.484623963762355 
0.9046608584370742 0.46641988357239383 , 0.7679925734130865 0.3470922779776325 , 0.8710755783755061 0.48900369395820587 
0.8829177210046686 0.46237901717710417 , 0.797215619238465 0.35027639800933424 , 0.8635956699825332 0.48986044032179377 
0.8578720845642336 0.4585120761790972 , 0.829159270553736 0.3578647981111074 , 0.8566976551076972 0.48613898121802757 
0.8317746945141756 0.45380063867305376 , 0.8626629758167915 0.3716288018235123 , 0.8492913398946996 0.4770864150116661 
0.8085384136447298 0.4476622052259852 , 0.8944255407909341 0.3922728289909413 , 0.8407650557900029 0.4625808212913057 
0.7909369550710247 0.44087739692084854 , 0.9209947897215524 0.4177665585553541 , 0.8317972654330897 0.4438719000320295 
0.7794329165648265 0.43382167281219974 , 0.9411985699347942 0.44479445948205537 , 0.823097523726046 0.42389972321397706 
0.7735885529313041 0.42617036739259884 , 0.9559606717688027 0.4711148878467577 , 0.8141797855255599 0.4052306002688757 
0.7726919222607767 0.41740958488070556 , 0.9666119077267479 0.49593813177515855 , 0.8044251802381422 0.3891681388523681 
0.775824735594707 0.407076625261611 , 0.9741513191722427 0.5191068478535973 , 0.793752955458717 0.37633238239302397 
0.7817449853929275 0.39490056102529053 , 0.9792596603051562 0.5406433943297965 , 0.7827243645275831 0.3669719001531453 
0.788813449056383 0.3810122277283372 , 0.9824185869033999 0.5606119444889646 , 0.7724969742658839 0.3608916832909306 
0.7952615580423604 0.3660962462280216 , 0.983988774763839 0.5790893780851051 , 0.7644786774194674 0.35733023119510565 
0.799737999918607 0.3511990647394792 , 0.984247288947559 0.5961603250488569 , 0.7597437213595009 0.3551564657198963 
0.8015692786381962 0.33734787056385884 , 0.9834055984745804 0.6119104952062778 , 0.7587541331128902 0.3532574897380957 
0.800624351777794 0.3253675393128843 , 0.9816236498936047 0.6264181474039364 , 0.761481008554268 0.35073016879141167 
0.7971373461121772 0.31589298793253606 , 0.9790237224326598 0.639748754840677 , 0.7675679416808298 0.34687411273501934 
0.7916730422949642 0.30939395903443995 , 0.975702664075514 0.6519541792289515 , 0.7763533038551885 0.3411677172448409 
0.7852081851623296 0.30608898869234563 , 0.9717411614026003 0.6630751645938207 , 0.7867796636607368 0.3333517022220661 
0.7791453673219173 0.3057309073169597 , 0.9672094176815769 0.6731453822878763 , 0.7973742252221725 0.3236395659033964 
0.7749859428407795 0.3074812439128845 , 0.9621692490376988 0.6821949008237905 , 0.8065738183471884 0.3128397107715573 
0.7737890257752559 0.31016357940630745 , 0.9566739426072192 0.6902511888024628 , 0.8132660418431916 0.3021010872994621 
0.7759668522967939 0.3126691373985804 , 0.9507682398154149 0.6973377589811831 , 0.8169939181134579 0.2925089591284689 
0.7814446062417771 0.3141280148351946 , 0.9444897118245437 0.7034723864912061 , 0.8177946921593459 0.2849154541818316 
0.7898280421135484 0.3138892572171273 , 0.9378710997904628 0.7086663984605651 , 0.8160298683216555 0.27996019983054 
0.8004278014260103 0.3115013788417633 , 0.9309426785338949 0.7129253389760655 , 0.8123585302657614 0.2780891376904036 
0.8121861450788924 0.3068083986852857 , 0.9237338615414472 0.7162506229853142 , 0.807809003605327 0.2794568338376325 
0.8236873149053774 0.3001613947150632 , 0.9162735339883893 0.7186413419614649 , 0.8037681613319 0.2837131188317042 
0.8334891356622904 0.2925123618238171 , 0.9085891944498763 0.7200950307615447 , 0.8016506801134999 0.28990846292287054 
0.8406238731897583 0.28512185722715405 , 0.9007059522875078 0.7206066717463848 , 0.8023991847484004 0.2967873265346935 
0.8447635264406713 0.2791406379286342 , 0.8926466437348018 0.720166691877917 , 0.8063188400501934 0.3032085257016811 
0.846050318302886 0.27544627238567104 , 0.8844332471641885 0.7187594305366171 , 0.8132454447585921 0.30831015258594424 
0.8449299635357952 0.27467123968902946 , 0.8760888526649445 0.7163628399949931 , 0.8227101940249268 0.3114817758242098 
0.8421201322737654 0.27722246922406635 , 0.8676393307395429 0.7129493196519582 , 0.8339695472123583 0.3123440666322077 
0.8386601867935893 0.28318287813076487 , 0.859114027876934 0.7084870251724716 , 0.8459547955551432 0.31084595220499567 
0.835872953788977 0.2921099868941734 , 0.8505452190800443 0.7029404632894244 , 0.8573108373566453 0.30746540532463434 
0.8350432483153045 0.30296783918976716 , 0.8419669990047904 0.6962690264064072 , 0.8667187629055716 0.30327898991205776 
0.8369681961559984 0.31444088454646385 , 0.8334153355328477 0.68842329240924 , 0.8733454785368204 0.29965167855252817 
0.8418206626847008 0.32536580415283917 , 0.8249306183764793 0.6793408190677873 , 0.8769777291644865 0.2978092322876056 
0.8493153303939178 0.33490223979894496 , 0.8165623891485974 0.6689434061076706 , 0.8778512906831513 0.29867020960161655 
0.8588705290692199 0.34250323235192753 , 0.8083750045279281 0.6571364491427052 , 0.8764834766285184 0.30287617401359934 
0.8696503076616117 0.347888674172205 , 0.8004529913172118 0.6438096420555286 , 0.873625711246843 0.3108175392804985 
0.8805458141485334 0.35112813497963735 , 0.7929054245011766 0.6288367745754383 , 0.8702777715759564 0.3225509459531564 
0.8902415205570183 0.35281540470472944 , 0.7858707654089981 0.6120706641224692 , 0.86761672425965 0.33762978668103333 
0.8975061227519483 0.35413012022825624 , 0.7795281354142622 0.5933297500468601 , 0.8666947520594559 0.3550559852331157 
0.9015713146656725 0.3565606498130318 , 0.7741257608955242 0.5723790373015684 , 0.8680319346644697 0.3735761683936318 
0.9022376841057235 0.3614847491812055 , 0.7700383432170278 0.5489192548614776 , 0.8714529829029152 0.39211185146554883 
0.8996844445923784 0.3699688829253164 , 0.767861686468595 0.52261339261433 , 0.8761828791646931 0.4099335799685855 
0.894220786825622 0.38277529566562657 , 0.7685360437140883 0.49320577921891434 , 0.8809721796859562 0.426534780623691 
0.8860632834904631 0.4003646100971125 , 0.7734298016189844 0.46081134880360763 , 0.884235925116219 0.4413398966075118 
0.8751262990059313 0.4226130198629319 , 0.7842073692468077 0.4264319872998435 , 0.8843953419729276 0.4534708483454564 
0.8613101713105973 0.4476768017804169 , 0.8020106942296492 0.39280150375022466 , 0.8804081446854201 0.4620375499775902 
0.8464604042832579 0.4714792946892448 , 0.825192115238063 0.36403855521041695 , 0.8720764907043457 0.46699800560857 
0.8332807915859378 0.4915820549162393 , 0.8503874442946215 0.3415599837282049 , 0.8600607743451071 0.46937381686378754 
0.8226453767329804 0.5072882029843361 , 0.8755199179745872 0.3245816132668091 , 0.8455637155180988 0.4706460392570865 
0.8143154560535607 0.5183189796642138 , 0.8996018762325254 0.31196859858974 , 0.8298116779395803 0.4722282772542778 
0.8076950549790307 0.5245882393041622 , 0.922246845259745 0.3027271013022593 , 0.8137871099868906 0.47520051490181003 
0.8021005103229696 0.5261733306015034 , 0.9433753800673293 0.2961010731426398 , 0.7982531198353674 0.48024145176408833 
0.7968097493994128 0.5233539199830787 , 0.9630355866393865 0.29155107186626 , 0.783883674186867 0.48761086365889283 
0.7910651540289886 0.5167757666179842 , 0.9813100002407751 0.28869830417441905 , 0.7713538559559027 0.4970417847158283 
0.7841770538592987 0.5076929501232635 , 0.998276547624053 0.2872710230263995 , 0.7612754087423146 0.5075518823585685 
0.775802311135236 0.49794385985505174 , 1.0139984625959828 0.28706406405344753 , 0.7539282364944476 0.5175079315997322 
0.766137396904357 0.4893545221614007 , 1.0285279453420932 0.28791320900889716 , 0.7490636679792162 0.5252481243379337 
0.7557380750012508 0.4831575631893227 , 1.0419125162513763 0.2896828339173625 , 0.7460784189730394 0.5296754584015463 
0.7452422328584278 0.47997254278798596 , 1.054197530897837 0.29226129399158335 , 0.7442892464694015 0.5302820187286621 
0.7352639329338749 0.48001790320390375 , 1.0654248326418279 0.295558165983355 , 0.7430402446499635 0.5269397863209726 
0.7264098402050629 0.48321075942333547 , 1.0756302191464686 0.29950078346525866 , 0.7416889508741348 0.5198043126196372 
0.719300784815786 0.48907068209331744 , 1.0848416650630326 0.3040299169746132 , 0.7395865603468477 0.5094152564403007 
0.7144800993956069 0.49649018254741745 , 1.0930791739240302 0.30909521554606006 , 0.7361697369060292 0.4969304574147538 
0.7121465738169803 0.5037217155884239 , 1.1003564602690878 0.3146513715489328 , 0.731225976139598 0.48414276837087455 
0.7119713099587798 0.5089788505422974 , 1.1066836226307508 0.3206562144120811 , 0.7250740776361356 0.47288079055385285 
0.7132991772101552 0.5110906507274163 , 1.1120688833830839 0.3270709739073492 , 0.7183609496324271 0.4643542308734658 
0.7154385960618562 0.5095370079619462 , 1.116518343367699 0.33386125328137234 , 0.7117720707961109 0.45911759426491267 
0.7177600741511364 0.5042056716361841 , 1.1200345153481404 0.34099725682599624 , 0.7059344207263893 0.45731292704605087 
0.7196737342542494 0.49526838672019013 , 1.1226148235106683 0.348452928544005 , 0.7014404524607483 0.45879454024403604 
0.7206116206743312 0.48326331171178116 , 1.124250829769204 0.3562043007231682 , 0.698866559782131 0.46304824307328174 
0.7201247867827414 0.469322772873188 , 1.1249285826656348 0.3642275906366942 , 0.69867564077729 0.4689654919983489 
0.7181421137401689 0.4552166659476753 , 1.1246300311976625 0.3724978534604859 , 0.7009568652878349 0.4748013361000699 
0.7151253674378275 0.4427787967300299 , 1.1233344681269666 0.38098899565767025 , 0.705269174660872 0.4787480631205309 
