0.6083167036774182 0.43685435814949025 , 0.4928578680770467 0.506227639884497 , 0.3765835711931833 0.7384479868603426 
0.6097754539766455 0.45472319210232365 , 0.4891130544732897 0.4982627064636076 , 0.37886963449771305 0.7285440863283986 
0.6079810360045739 0.4741363044733827 , 0.4876376566350035 0.49040298002463123 , 0.3821394503080708 0.716990700396316 
0.6025519548664167 0.49455160161334216 , 0.48871277089855353 0.4832868132158076 , 0.38649341718267793 0.7036915700651801 
0.5931985768956424 0.5153029657670795 , 0.4924695920929411 0.4777071089110674 , 0.3920899739590647 0.688519910216183 
0.5797819314693925 0.5356258419085326 , 0.4987958005245658 0.47460140960993 , 0.3991804109536899 0.6713027333758672 
0.562363650606054 0.5547361347487406 , 0.5072236721470721 0.4749944057873861 , 0.4081708201945221 0.651799444358203 
0.541187142753008 0.5719762746971394 , 0.5168340838265305 0.4798705750228656 , 0.41973691636810967 0.6296831351743247 
0.516505298904585 0.58694707195291 , 0.5262355259602016 0.48999097943999065 , 0.43501731808286165 0.6045919335014291 
0.48848879541301116 0.5991554112847118 , 0.5336443265986863 0.5057276457243042 , 0.45562502093595075 0.5766469278853137 
0.45934607612254963 0.6064373344833419 , 0.5370018084793258 0.526897170372052 , 0.4814102583457729 0.5481954800389358 
0.4338758096181015 0.6077778173053401 , 0.5345094305543338 0.5517972900945636 , 0.5093729027752131 0.5219548774944262 
0.41339737648216063 0.605090361970949 , 0.5271481163254131 0.5758625843478413 , 0.5372126501400746 0.5005770385755395 
0.397811982801491 0.6000924604149079 , 0.5171957303284338 0.5969223711297051 , 0.5627504298177235 0.48451515334971673 
0.3868362190352205 0.5939941339454852 , 0.5052571628712293 0.6151722369750421 , 0.5856647610411985 0.47236361397380267 
0.3801724493798393 0.5877034947852762 , 0.4913615241691487 0.6308508758590798 , 0.6062241693986603 0.4629756142499739 
0.3775227634043803 0.5819695463788417 , 0.4755032686993962 0.6439435195469204 , 0.6247321108438718 0.4556169189685678 
0.3785652355889934 0.5774706866013085 , 0.45776141458683234 0.6542410761519197 , 0.6414314927718225 0.4498182221411017 
0.38289972610017037 0.5748648935764517 , 0.4383540895439629 0.6613949671736735 , 0.656504327303515 0.4452701241442048 
0.38995908712573707 0.5747938478262604 , 0.4177137119237628 0.6649726338622756 , 0.6700853438981484 0.44176350320579405 
0.39889618459215387 0.5778082037222215 , 0.39658676334851 0.6645661330283137 , 0.6822751950069844 0.4391556481437948 
0.40851556935930056 0.5841773007180774 , 0.37609079388969036 0.6600030291682348 , 0.6931517796986574 0.4373496550080178 
0.4173995767151957 0.5936395860060515 , 0.35757870030527183 0.6516104528374743 , 0.7027798659271808 0.4362799460508043 
0.4242906078519904 0.6053341162343826 , 0.34224941221264876 0.640295581026835 , 0.7112181228830091 0.4359002876331125 
0.42845249457527984 0.6180796589629936 , 0.33078361805263773 0.6272764048243017 , 0.7185220303197307 0.4361739211070349 
0.42970066225393083 0.6307589192061729 , 0.32331462848544346 0.6137038902489506 , 0.7247428522082741 0.4370671754392066 
0.4281973576799253 0.6425088861672723 , 0.3196358362357345 0.6004742269551574 , 0.7299249490319886 0.4385468717719003 
0.42425068986559233 0.6527173228739921 , 0.31940396308700303 0.5882324646142623 , 0.7341034899950529 0.4405801974060756 
0.4182034690393235 0.6609475928873196 , 0.3222514717651276 0.5774468603333556 , 0.7373032021431972 0.4431355316736548 
0.41039301603068945 0.6668638601356485 , 0.3278272271105323 0.568482755423791 , 0.7395378998064266 0.44618336933489056 
0.4011503087493975 0.670175780406985 , 0.33579748055457403 0.5616571241313324 , 0.7408103536436769 0.44969708035601264 
0.3908210489969862 0.6706024479894113 , 0.3458249198536071 0.5572739932668039 , 0.7411121740970551 0.45365354363811483 
0.3798039602078406 0.6678546190863818 , 0.3575306326629516 0.5556415664384067 , 0.7404235500768562 0.45803379936954164 
0.36860860180299576 0.6616424474064796 , 0.3704366938653254 0.5570636521609573 , 0.7387128472793273 0.4628238853268932 
0.35793307247311423 0.6517321833614329 , 0.38388880586607055 0.561781819652912 , 0.7359362646084637 0.4680159818799852 
0.3487361120999405 0.6380947143265919 , 0.39698403328495613 0.5698254532553699 , 0.7320379975627519 0.4736098173123683 
0.34220382157611884 0.6211656820032461 , 0.40860280713687475 0.5807504805754743 , 0.7269515142346549 0.4796138223156099 
0.339451436074011 0.6020592064796355 , 0.41770470808513255 0.5934259839121201 , 0.720601998788505 0.4860447945025746 
0.34104478087899676 0.5823665799196257 , 0.42380525921119006 0.6062386062200729 , 0.7129081028574618 0.4929247987546316 
0.34683984692097725 0.5635675444276835 , 0.4271387319014641 0.617686472040794 , 0.7037795641252071 0.5002759684258526 
0.35628319455220975 0.5466559340115333 , 0.4283658383803347 0.6267583583601608 , 0.693109110015104 0.508115692522636 
0.36875797866604054 0.5321781738683863 , 0.4282404341344128 0.63289853405419 , 0.680759730147195 0.5164532769717537 
0.38374890592882954 0.5204194172738869 , 0.42746150302457636 0.635823906482903 , 0.6665477339942425 0.5252866611375401 
0.4008780855563562 0.5115585584642846 , 0.42666075323397673 0.6353751702413649 , 0.6502193041573154 0.5345962561886805 
0.41989439067041523 0.5057694004432605 , 0.42644847083612164 0.6314296690903998 , 0.6314152814411115 0.5443309153606697 
0.44065498248427515 0.5032958444581376 , 0.42748711229759 0.6238591387679063 , 0.6096160481657832 0.554375001668286 
0.4631001354211351 0.5045381408468103 , 0.43059671324013804 0.61252376326141 , 0.5840612942863752 0.5644680807861097 
0.48714716660775037 0.5101981627405404 , 0.4369154388979978 0.5973269794505017 , 0.5536955374419001 0.5740048427032877 
0.51207812683648 0.5214481191121353 , 0.4481005474626899 0.5784558118358523 , 0.5175794686484784 0.5816260539463423 
0.5345528042582774 0.5389668523657131 , 0.4659311402962968 0.5572640423143909 , 0.47727419839307406 0.5852990902142259 
0.5503193075078345 0.5598951253569014 , 0.4884755083279108 0.5375392383024125 , 0.438963327111903 0.5840956212350159 
0.5592831447038518 0.5802138443350795 , 0.5118259961401196 0.5217523612920011 , 0.406649002103677 0.5795637792672492 
0.5633155450854503 0.5975414997489856 , 0.5348370518218915 0.5104622444798422 , 0.3796055460403066 0.573526240665502 
0.5642378214145094 0.6111211669678362 , 0.5569002107394645 0.5035116502881816 , 0.3566201107936746 0.566897167638312 
0.5633225571361938 0.620976681766616 , 0.5776036568545758 0.50044622843522 , 0.33683192895687886 0.5601070746924938 
0.5614078539906664 0.6273659257828189 , 0.5966813718787787 0.5007916509354748 , 0.3196689170782035 0.5533724081760361 
0.559073636764754 0.6305754909277116 , 0.6139410251638491 0.5041449018423398 , 0.30474348101904547 0.5468095921242784 
0.5567616266262656 0.630865622033397 , 0.6292112014915247 0.5101800651525605 , 0.29178531482985826 0.5404842977083723 
0.5548485019731536 0.6284673989056792 , 0.6423084353758928 0.5186283549397686 , 0.28060120559860213 0.5344342310488821 
0.55369214138652 0.6235987152549957 , 0.653015555811853 0.5292509332510158 , 0.27105044574927556 0.5286803363883184 
0.55366269777692 0.6164910933057455 , 0.6610664251518997 0.5418063237006508 , 0.26302902001882883 0.5232325678879335 
0.5551618726731762 0.6074291803247217 , 0.6661375339627956 0.5560077759144778 , 0.2564587363116768 0.5180930286551303 
0.558624345128606 0.5968087383476638 , 0.667854645911878 0.5714632959672215 , 0.25127915190716454 0.5132579505794446 
0.5644813035997415 0.5852164087995511 , 0.6658356652471331 0.5875940972337846 , 0.24744117410077418 0.5087194788609941 
0.5730494677223701 0.5735137085650677 , 0.6598066495545756 0.6035482729984044 , 0.24490202567070313 0.5044680033308577 
0.5843196090570523 0.5628503956833592 , 0.6498164977746465 0.618184114911771 , 0.24362203611595 0.5004954742991996 
0.5977281310806142 0.5544749016430406 , 0.6364658210315229 0.6302556397804012 , 0.24356419083551167 0.496799443470888 
0.6121622683782068 0.5493346037244996 , 0.6208990617847008 0.6388087600140636 , 0.24469681278474134 0.49338662115576654 
0.62631138718414 0.5477760472667671 , 0.6044486869708169 0.6434793682827115 , 0.24699806879269193 0.4902745693448511 
0.639057348119122 0.549603070623605 , 0.5882407282073571 0.644435505808564 , 0.2504600666211699 0.4874914084621606 
0.6496193250987347 0.5543296770386541 , 0.5730473404751568 0.6421256480947101 , 0.2550914773737574 0.48507465976096553 
0.6575047733343575 0.5613839001593918 , 0.559334206212003 0.6370757956695232 , 0.2609191634012884 0.48307028906541466 
0.6624111631370921 0.5702031733603863 , 0.5473572280005251 0.6297944314290262 , 0.26798975181003176 0.48153238010491706 
0.6641473669275942 0.5802588015692154 , 0.537238877676304 0.62074770846075 , 0.27637189834375087 0.48052347486436414 
0.6625858174873895 0.5910486415153061 , 0.5290125468300693 0.6103658037996662 , 0.2861597786301903 0.48011553957935715 
0.6576391191177439 0.6020790456256123 , 0.5226407034595075 0.59905933811896 , 0.29747832037039773 0.4803916011497571 
0.6492538680091268 0.6128454641233033 , 0.5180134079505252 0.5872362236177914 , 0.3104908669879972 0.4814482971532346 
0.6374164668883735 0.6228162679662002 , 0.5149312926990199 0.5753137632436981 , 0.3254103833602558 0.48339995368443095 
0.622166382228607 0.6314227684098278 , 0.5130756539155438 0.5637217008413149 , 0.34251610680349853 0.48638551564318655 
0.6036106737549108 0.6380567868984088 , 0.5119686253232436 0.5528921942966113 , 0.3621788438694949 0.49058100369930907 
0.5819306959499053 0.6420719657182911 , 0.5109281857414284 0.5432354408305878 , 0.38489926125631563 0.49622257834545025 
0.5573720658613484 0.6427720422929456 , 0.5090281906421515 0.5351094432205328 , 0.4113578864441494 0.5036484993808508 
0.5302273847671581 0.6393438820494108 , 0.5051137934136704 0.5288225464775245 , 0.4424169647668208 0.5133635563673938 
0.5009285265907814 0.6306679095281046 , 0.49820964397682255 0.5248198182175698 , 0.47861997238004544 0.5260422571486547 
0.47083125022402356 0.6152338044427809 , 0.4895425265245729 0.5243589698212466 , 0.5173843661990529 0.5419372106303016 
0.4434752019399907 0.5930643050582558 , 0.48252413565178026 0.5289844456448423 , 0.5517588053558785 0.559481234191231 
0.42125161841655273 0.566643743048477 , 0.4770191592167841 0.5384356934863013 , 0.5794873653143127 0.5764505483595508 
0.40483161849581145 0.5386518738597461 , 0.4712653267090302 0.5507765337521016 , 0.6016611977428079 0.5921015772824814 
0.3938721039460274 0.5118061203433797 , 0.4644106925734136 0.5632767439634949 , 0.6194753464282087 0.6064471205874543 
0.3871492048096602 0.48767271296888365 , 0.4568202482652336 0.5742116602139232 , 0.6337886898727559 0.619645611711522 
0.3834532425971251 0.4666339062294451 , 0.4491022168772893 0.5830582162528137 , 0.6452026834732354 0.63183786241207 
0.38192923694916503 0.4485781673776103 , 0.44168372157134955 0.5898273204756491 , 0.6541451844271352 0.6431244970410694 
0.38201803125390804 0.43328065719619635 , 0.43481343420655394 0.5946767749950329 , 0.6609266774871878 0.6535725527030997 
0.38335081036233887 0.42052966036031425 , 0.42863058282629524 0.5977761429792102 , 0.6657767497590158 0.6632241815548044 
0.3856759554038883 0.4101579498764367 , 0.42321436048969974 0.5992690922479804 , 0.6688678270540619 0.6721029427699118 
0.38881495169020197 0.4020459429107147 , 0.41861235411379155 0.5992662640228665 , 0.6703308371436565 0.6802177779607477 
0.3926360784346443 0.3961183942993883 , 0.41485631037538445 0.597846264177861 , 0.6702657541376214 0.6875653264170796 
0.39703820515081256 0.39234121454465076 , 0.41197107096433444 0.5950576861151383 , 0.6687488668325031 0.6941310842345397 
0.40194024344294843 0.39072041652950107 , 0.4099799707603614 0.5909198549009673 , 0.6658379287443403 0.6998897134638604 
0.4072736562958025 0.3913040198042078 , 0.4089085510383949 0.5854213031568904 , 0.6615759356134528 0.7048046619332305 
0.4129763282312408 0.3941877281315252 , 0.408787782961366 0.578515102332003 , 0.6559940317550436 0.7088271544308006 
