0.3897777332333 0.23893813347088655 , 0.8443648575801146 0.7576536807223193 , 0.10516473989106434 0.8842321933336555 
0.3820413577013648 0.2390967050496332 , 0.8397224281433188 0.7562778960501487 , 0.11754354485979537 0.8854494064270795 
0.3743643497344855 0.23959154566292878 , 0.8347673964437823 0.7547817319182633 , 0.13017558452621114 0.8864507299456693 
0.36675103084900834 0.24042751190983397 , 0.8294911888672304 0.7531688931285293 , 0.1430651109882402 0.8872276024884981 
0.35920625282375185 0.24160981408943805 , 0.8238841913099253 0.7514432127220607 , 0.15621688657080177 0.8877709807153625 
0.35173543210711616 0.2431440146695714 , 0.8179356242186816 0.7496087138045827 , 0.16963627437868117 0.8880712790527072 
0.344344588913074 0.2450360271590825 , 0.8116333926860508 0.7476696834751783 , 0.18332934910535414 0.8881182968926006 
0.33704039140046194 0.2472921151236001 , 0.8049639057833368 0.7456307628227115 , 0.19730303352068032 0.8879011295805498 
0.32983020538091584 0.2499188910752264 , 0.7979118575656402 0.7434970583296584 , 0.21156526775792298 0.8874080581219767 
0.3227221500531616 0.25292331495777526 , 0.7904599598154283 0.741274281991469 , 0.22612522083588912 0.8866264105776172 
0.3157251603146682 0.2563126919450097 , 0.7825886133452259 0.7389689303162774 , 0.24099355704458503 0.8855423852655744 
0.30884905625496195 0.26009466927607117 , 0.7742755001732579 0.7365885165822719 , 0.25618277427625924 0.8841408216685185 
0.302104620486614 0.26427723187957486 , 0.7654950725458403 0.7341418770537078 , 0.2717076376720248 0.8824048985935787 
0.295503684017474 0.2688686966005767 , 0.756217905741242 0.731639581539661 , 0.2875857409457631 0.8803157293866236 
0.2890592214068742 0.27387770496581415 , 0.7464098685303513 0.7290944938363217 , 0.3038382407672537 0.8778518087247255 
0.2827854559719186 0.2793132146378398 , 0.7360310460645512 0.7265225519020289 , 0.3204908286680093 0.8749882409869927 
0.2766979758043199 0.2851844900728967 , 0.7250343217223227 0.7239438776634969 , 0.3375750331778365 0.8716956397904678 
0.27081386129820234 0.2915010934959516 , 0.7133634824838133 0.7213843943272568 , 0.3551299869224635 0.867938519703653 
0.265151824724054 0.2982728782719733 , 0.7009506504135099 0.7188782482901597 , 0.37320485556691524 0.8636728809647283 
0.2597323620072222 0.3055099882920546 , 0.687712754195165 0.7164715494591885 , 0.39186221450209197 0.8588424697756182 
0.2545779160496197 0.3132228694261185 , 0.673546640992273 0.7142283530929626 , 0.41118277366258643 0.8533727850077801 
0.24971304914880715 0.32142230290193113 , 0.6583223374525021 0.7122406097778236 , 0.43127194410316994 0.8471610948471066 
0.24516461810008172 0.33011947631526184 , 0.6418741457159856 0.7106454405440883 , 0.45226856688841194 0.840059090667511 
0.24096193646303904 0.3393261164971957 , 0.6239907860992973 0.7096564326507615 , 0.4743546081421429 0.831841458378904 
0.23713688686679524 0.34905471896987367 , 0.6044132987131767 0.709621937542496 , 0.4977571451245073 0.8221473510144914 
0.23372389363390536 0.35931891293126644 , 0.5828825570989318 0.7111291809717878 , 0.5227008799716422 0.8103759136238069 
0.23075954080423752 0.37013395548337885 , 0.5594081695326854 0.7151242361125995 , 0.5491396203675565 0.7955658159308828 
0.22828138889853133 0.3815170806714088 , 0.5351678400676245 0.722589538803117 , 0.5758581017383235 0.7767173880523353 
0.22632567885544483 0.393486637680378 , 0.5129411157132683 0.732798280571327 , 0.6000405361357662 0.754539089275156 
0.22492588466640803 0.4060594046137986 , 0.4939996988667411 0.7435433234193032 , 0.6203817471713302 0.7312212794937593 
0.22411407029905983 0.4192492902984367 , 0.47774198196284157 0.753608496961887 , 0.637451278442578 0.7079662202665372 
0.22392248071251297 0.43306817633066447 , 0.463359779902116 0.7626310097196595 , 0.6520250700898503 0.6851248214765371 
0.22438429463985884 0.44752731139530216 , 0.4502626490325331 0.7705457482788961 , 0.6646603870320874 0.6627509478526628 
0.22553389132419796 0.462638823712078 , 0.4380498179088568 0.7773666230777247 , 0.6757236214714246 0.6408185607370583 
0.22740695500286884 0.47841747282190844 , 0.42644288634776867 0.7831181104157774 , 0.6854574893538419 0.6192884242891752 
0.2300406111760471 0.49488288209590736 , 0.4152388574812604 0.7878139318160513 , 0.6940278620471719 0.5981271936149023 
0.23347374329638512 0.5120625633039297 , 0.4042809663875029 0.7914495937633984 , 0.7015526210205913 0.5773118504595328 
0.23774764450335975 0.5299961697721104 , 0.3934402785900599 0.7939982548129413 , 0.7081194076110596 0.5568295829418093 
0.24290719173562017 0.5487416559533208 , 0.3826033055018078 0.7954060667693376 , 0.7137968334670513 0.5366762848042026 
0.24900277011526759 0.5683844796256097 , 0.37166279361058896 0.7955848332082361 , 0.7186417669786227 0.5168546946930151 
0.2560931733620201 0.5890518592468064 , 0.36050999376058923 0.794399645276145 , 0.7227041635818698 0.4973725030039096 
0.26424945088157187 0.6109357716611274 , 0.3490276019048565 0.7916477052698773 , 0.7260302779180509 0.47824053059585625 
0.2735582430540127 0.6343313450961376 , 0.3370843324706045 0.7870216487354553 , 0.7286647551798621 0.45947101369526794 
0.28411627927825306 0.6597004022508521 , 0.32453913544972773 0.7800476026061974 , 0.7306519159764985 0.4410760026698114 
0.2959743704366475 0.6877531221105102 , 0.31129651118897467 0.7700050326666801 , 0.7320364490788571 0.4230658527496706 
0.30883417426952575 0.7193281939026778 , 0.29760950586369966 0.7560480934280259 , 0.7328636505712539 0.40544772019615716 
0.3210546369545648 0.7536880339267508 , 0.28507353685335085 0.73891208997805 , 0.7331791568965637 0.38822388362206006 
0.33059730121967346 0.7866434625042107 , 0.2756826269993839 0.7227903486633821 , 0.733027402485422 0.37139019635926807 
0.3378817395346611 0.8165360902927158 , 0.26897708799010084 0.7093507396809756 , 0.7324485031797174 0.35493717755316945 
0.34371405444859476 0.843708515289046 , 0.26411637661990367 0.6982624477905429 , 0.731476899635981 0.3388530444472719 
0.3485947545507822 0.8686886087898155 , 0.26057074850349965 0.689009739592605 , 0.7301418276501975 0.3231256591444403 
0.3528139676792386 0.8918843745668686 , 0.2580251552773193 0.6811961978782105 , 0.7284682077479214 0.3077434350817816 
0.35654778600505127 0.9135904545454876 , 0.2562820639532534 0.6745378421257329 , 0.7264774807461746 0.2926957108556402 
0.35990939650743903 0.9340222031999562 , 0.2552096367370932 0.6688289364329404 , 0.7241882974599471 0.2779728678939641 
0.3629753804641071 0.9533412782498235 , 0.2547148831449974 0.6639164035952477 , 0.7216170670953748 0.2635663256817895 
0.3657998441216186 0.9716723622271068 , 0.2547290977415372 0.6596831650390336 , 0.7187783888413235 0.24946848026072024 
0.36842242862468066 0.9891139747893355 , 0.25519951055287315 0.6560374137024683 , 0.7156853915269255 0.23567261903505685 
0.3708730833183342 1.0057456004127396 , 0.2560842453245316 0.6529055785074923 , 0.7123500020616135 0.2221728286066287 
0.37317503809880387 1.0216325135679278 , 0.2573491337413966 0.6502275899887014 , 0.7087831588642788 0.20896390397023143 
0.3753467260912508 1.0368291346711191 , 0.25896562194522976 0.6479536098514204 , 0.7049949826679988 0.1960412630043212 
0.377403068974788 1.0513814240386103 , 0.2609093476331384 0.64604171561425 , 0.700994914096553 0.1834008678740003 
0.3793563611940825 1.0653286293493456 , 0.263159144370454 0.6444562244232641 , 0.6967918251399429 0.171039153754251 
0.3812168936806504 1.078704587816003 , 0.26569632706881285 0.643166455039172 , 0.692394109955016 0.15895296467168557 
0.3829934036666749 1.09153871461038 , 0.26850416789180914 0.6421457969373586 , 0.6878097591459953 0.1471394959791219 
0.3846934055206243 1.1038567656101272 , 0.2715675044554936 0.6413709990474347 , 0.6830464207283614 0.13559624286929867 
0.3863234383925681 1.1156814347383783 , 0.2748724420469114 0.6408216184694061 , 0.6781114502649997 0.12432095431907615 
0.3878892545473961 1.1270328279890929 , 0.2784061240328896 0.640479587650427 , 0.6730119521241935 0.11331159188734069 
0.3893959646621221 1.1379288440855924 , 0.2821565526426166 0.6403288705983858 , 0.6677548133997405 0.10256629284288232 
0.3908481513980314 1.1483854834433462 , 0.2861124475853911 0.6403551869248607 , 0.6623467317210566 0.09208333715865358 
0.39224995924692263 1.158417101364139 , 0.2902631335162456 0.640545788194203 , 0.6567942379413109 0.0818611179685184 
0.39360516640004967 1.1680366173346535 , 0.2945984497979307 0.640889275054144 , 0.6511037145064987 0.07189811513806287 
0.39491724283213264 1.1772556893962611 , 0.2991086777077105 0.6413754464800328 , 0.6452814101646359 0.062192871650566244 
0.39618939769962475 1.1860848604392713 , 0.3037844814428074 0.6419951745352955 , 0.6393334515620469 0.05274397255229318 
0.39742461837331894 1.1945336817172763 , 0.3086168601455592 0.6427402995716166 , 0.6332658521856008 0.043550026237967034 
0.3986257028626767 1.202610817715061 , 0.31359710880169706 0.6436035419237517 , 0.6270845190401052 0.03460964788804717 
0.39979528697783545 1.2103241356264303 , 0.3187167863320219 0.6445784270055965 , 0.6207952573946216 0.02592144489483297 
0.40093586727101344 1.2176807820291973 , 0.32396768954650906 0.645659221362582 , 0.6144037738869564 0.01748400413508041 
0.4020498205716942 1.2246872488289944 , 0.3293418318933073 0.6468408777344989 , 0.6079156782394775 0.009295880963366282 
0.4031394207584675 1.2313494301425134 , 0.3348314261362422 0.6481189875708804 , 0.6013364838097692 0.0013555898134658215 
0.4042068532798798 1.2376726714759994 , 0.3404288702496432 0.6494897397457858 , 0.5946716071749559 -0.006338403694925564 
0.40525422783652526 1.2436618123056211 , 0.3461267359403361 0.6509498844604281 , 0.5879263669276176 -0.01378768923918955 
0.4062835895592692 1.2493212229674169 , 0.35191775930201374 0.6524967015154005 , 0.5811059818431961 -0.02099391695595769 
0.40729692895840297 1.2546548366044088 , 0.357794833183144 0.6541279722903474 , 0.574215568562932 -0.027958801367896562 
0.4082961908716135 1.259666176788577 , 0.3637510009107054 0.6558419548960236 , 0.5672601389221601 -0.034684124157741233 
0.4092832826019155 1.2643583813290882 , 0.3697794510617513 0.657637362068077 , 0.5602445970408122 -0.04117173587030579 
0.41026008140790454 1.2687342226904428 , 0.37587351301562894 0.6595133414583192 , 0.5531737362809455 -0.04742355662190257 
0.4112284414861735 1.2727961253711093 , 0.38202665305349714 0.6614694580514195 , 0.5460522361648082 -0.053441575895669585 
0.412190200568247 1.276546180531678 , 0.3882324707999911 0.6635056784957132 , 0.5388846593362407 -0.05922785150053195 
0.41314718624099295 1.2799861581091552 , 0.39448469582549667 0.6656223571884409 , 0.5316754486379893 -0.06478450777073684 
0.41410122208946964 1.2831175166087876 , 0.40077718424726816 0.6678202240000369 , 0.5244289243677411 -0.07011373308196538 
0.415054133754059 1.285941410725148 , 0.40710391518407535 0.6701003735605453 , 0.5171492817663446 -0.07521777675883402 
0.4160077549891551 1.2884586969088314 , 0.41345898693255034 0.6724642560651047 , 0.5098405887827734 -0.08009894544707702 
0.4169639338083936 1.290669936962885 , 0.41983661274414713 0.6749136695857756 , 0.5025067841519381 -0.08475959902180144 
0.4179245388012802 1.29257539972305 , 0.426231116089721 0.6774507539047122 , 0.4951516758134776 -0.0892021461009033 
0.41889146570807395 1.2941750608471898 , 0.43263692530419645 0.6800779859096923 , 0.48777893969220837 -0.0934290392300232 
0.4198666443439464 1.2954686007110683 , 0.4390485675065323 0.6827981766181089 , 0.48039211885400007 -0.09744276980231828 
0.4208520459699179 1.2964554003791857 , 0.44546066169004356 0.6856144699205354 , 0.47299462304451734 -0.10124586277286221 
0.4218496912170963 1.2971345355898427 , 0.4518679108748433 0.6885303431607144 , 0.46558972861253917 -0.1048408712236982 
0.42286165868266407 1.2975047686621652 , 0.4582650932073558 0.6915496096962034 , 0.45818057881445884 -0.10823037083150974 
0.4238900943313472 1.2975645381985466 , 0.46464705188104477 0.6946764236139072 , 0.4507701844920867 -0.11141695428559503 
0.4249372218553901 1.2973119464177854 , 0.4710086837370629 0.6979152868084639 , 0.4433614251120257 -0.11440322569939061 
