0.28884021665856974 0.32306155004000536 , 0.42226069319565596 0.7771624290940172 , 0.5950890376013278 0.5710846058129739 
0.30002183045259667 0.3287579778814122 , 0.42019298913469844 0.7819841622377868 , 0.5859751278682584 0.5605664448277976 
0.3118276983165858 0.3352833344477527 , 0.41866777789406084 0.7855244241272713 , 0.5756944712449069 0.5505008263719725 
0.32432461485855035 0.3427145226802896 , 0.4176244928203098 0.7877683641459045 , 0.5642408397766935 0.5408256981208025 
0.3376012848231001 0.35115421221300885 , 0.4170101205860527 0.7886932504453964 , 0.5515785420464009 0.5314611222885913 
0.35177736610850086 0.3607431999032589 , 0.41677675857916424 0.7882674360307561 , 0.5376358227678886 0.5222979490129815 
0.3670176488550166 0.37168155253528257 , 0.41687956707207025 0.7864492959183612 , 0.5222927315284669 0.5131777364933527 
0.3835537360050823 0.38426668884398796 , 0.4172750324857277 0.7831860999898406 , 0.5053611789647438 0.503855796113168 
0.4017109508374043 0.39896406779390403 , 0.41791964647781293 0.7784128776135152 , 0.4865593501403365 0.49393163953957725 
0.42189359699921714 0.41652487015559475 , 0.4187695684517368 0.7720514655895165 , 0.46552678200459985 0.4827322492018852 
0.44416919677979083 0.43797653197418185 , 0.4197831533933555 0.7640100462993571 , 0.4422375972824074 0.4693220066734575 
0.4662160361560242 0.46296606183683997 , 0.4209316884053726 0.754182564917348 , 0.41904222289415693 0.45415995819280847 
0.4846557324739547 0.4882763601352055 , 0.42222447650027184 0.7424404892012225 , 0.39930973848132717 0.4405917356105684 
0.49969119935549905 0.5129989187925285 , 0.42373041780803716 0.7286111914130341 , 0.3827683302920175 0.42969847474143386 
0.5120544246614784 0.5375539837435369 , 0.4255977733381836 0.7124630723960413 , 0.36853774945589163 0.4212915288074181 
0.5220483184762176 0.5625139455923398 , 0.4280996220539663 0.693706693131026 , 0.35604200692536986 0.4150879462236305 
0.529519149436933 0.5883704495289801 , 0.43171991948448296 0.6720474155654796 , 0.3449508785341378 0.41089071985253656 
0.5338428647375556 0.6153049624681407 , 0.4372531228754966 0.6474153346642223 , 0.3350939598425016 0.40858828781463324 
0.5341324109802835 0.6426067348631771 , 0.4456372211982538 0.6205705143163239 , 0.3264203152770165 0.4081313357674952 
0.5302679716717724 0.668360093419465 , 0.4569381944640002 0.5934511974997335 , 0.3189837813197811 0.4094972940277977 
0.5234939736875822 0.6910398264639857 , 0.46977565121205533 0.5676284981963661 , 0.31292032255591623 0.4126402602866445 
0.5151406937115425 0.7105203180622143 , 0.482647515060087 0.5433316458542867 , 0.30840173868392434 0.4174566210304953 
0.5059651121451845 0.7272629236582595 , 0.49463350138084894 0.520260252720731 , 0.3055913339295204 0.42378540856800595 
0.496323120869056 0.7417423037659732 , 0.5052485878208944 0.49813938206793873 , 0.3046182387656034 0.4314268991130845 
0.4863755876687571 0.7543163200644744 , 0.514246759932256 0.47682888138033713 , 0.3055675998545407 0.4401633835021849 
0.4761951190961013 0.7652323615069265 , 0.5215151138303787 0.4563003136860721 , 0.3084797145290738 0.4497759097539978 
0.46581480881306686 0.7746540641264689 , 0.5270222962877054 0.4365983301655191 , 0.31335284235478156 0.4600561906550084 
0.4552509840203653 0.7826834342798752 , 0.530792321514145 0.4178103493703633 , 0.3201466419210435 0.4708148012967579 
0.44451488925474353 0.7893760374984145 , 0.5328902469490582 0.4000454427239348 , 0.3287848112517521 0.48188710472464724 
0.4336198425668815 0.7947510401578609 , 0.5334135870116204 0.38341953926764455 , 0.33915651787705187 0.493138005521491 
0.4225868020368317 0.7987981136226738 , 0.5324863633633723 0.3680444190740198 , 0.35111678205534985 0.5044660522503028 
0.4114496882635415 0.8014828863418134 , 0.5302539521725081 0.35401895952192625 , 0.36448630701950424 0.5158067390832568 
0.4002609499382254 0.8027523836351229 , 0.5268775431146212 0.34142202415965167 , 0.3790514544027072 0.5271341771522219 
0.3890971828150807 0.8025417111923495 , 0.5225275583269642 0.3303071074190652 , 0.39456520631350894 0.5384597663355818 
0.3780639142702338 0.8007829200915327 , 0.517375976359062 0.3206992882784441 , 0.4107500568262581 0.5498263765770197 
0.36729801306737125 0.7974163043176704 , 0.5115881453714227 0.3125950986826133 , 0.4273037890167598 0.5612971819467127 
0.356965909390693 0.7924032301736846 , 0.5053151667734402 0.30596553742660965 , 0.44390887129142054 0.5729398173467022 
0.34725636340099175 0.7857382594130976 , 0.4986880482102242 0.3007617927189979 , 0.4602455358443378 0.584808532814901 
0.33836805907702305 0.7774575240341961 , 0.4918144608562548 0.2969225949569578 , 0.4760074275222759 0.5969284659558426 
0.3304942699386112 0.7676407933408099 , 0.4847782484592305 0.29438183903966325 , 0.4909174290577121 0.6092859525665234 
0.3238081204644697 0.7564064965119283 , 0.4776411648296919 0.2930753165199412 , 0.5047406621613922 0.6218267719151271 
0.31845170910949366 0.7439011956385573 , 0.47044595061175065 0.2929459260511421 , 0.5172922877343096 0.6344614632572971 
0.31453076185169415 0.7302864007758026 , 0.4632198637713003 0.29394729933431263 , 0.5284393218325594 0.6470748848368812 
0.312114574686926 0.7157256113821183 , 0.4559780199688078 0.29604617853921855 , 0.5380973527998201 0.6595367950256597 
0.31123973513660236 0.7003734320066681 , 0.44872619825236887 0.29922406225444315 , 0.5462240140665826 0.6717110906858852 
0.3119157749703461 0.6843673158420912 , 0.44146300728862486 0.30347866889504205 , 0.5528111651965828 0.6834626002098633 
0.3141312235931974 0.6678214863514386 , 0.43418145582177003 0.30882575008781976 , 0.5578772680405863 0.6946613485077382 
0.3178590775101618 0.6508220063012845 , 0.42687005070694267 0.3153018078920346 , 0.5614608192384493 0.7051847707536774 
0.3230611721906945 0.6334216569483663 , 0.41951360258857734 0.3229683987900675 , 0.5636151726762819 0.7149185292085627 
0.3296911921057796 0.6156330099545654 , 0.4120940176926949 0.33191902512946453 , 0.5644047376570793 0.7237565498629666 
0.33769598657931615 0.5974175500495067 , 0.40459161514246456 0.34229025534290847 , 0.5639023457337731 0.7316007795545812 
0.3470142254406891 0.5786676268711725 , 0.3969882430572513 0.3542799119946345 , 0.5621874789576135 0.7383610460811895 
0.3575693510525425 0.5591760745215734 , 0.38927561714693526 0.36817719915855746 , 0.5593449792560761 0.7439553112668656 
0.36924716328638035 0.5385862443229009 , 0.38147903657845383 0.3844118065321607 , 0.5554637475907197 0.7483105340919348 
0.38182615457223357 0.5163228607935493 , 0.373729089298867 0.4036214587416467 , 0.5506347035844533 0.7513642654118006 
0.3947576115967957 0.4915977216426549 , 0.36648560315404516 0.42664403489929426 , 0.544946732704713 0.7530668284050474 
0.4066213856588756 0.46415893033427946 , 0.3610904106121052 0.45376677608970223 , 0.5384781511845731 0.7533828785230149 
0.4154548133902825 0.4367288321670757 , 0.3594550508871374 0.48229272290190306 , 0.5312800831781339 0.7522870298780179 
0.4215720374471034 0.4124588218186464 , 0.36126026473099615 0.5091064448997524 , 0.5233576452774542 0.7497433182285979 
0.4261649716850171 0.3916501793715893 , 0.3653578164278929 0.533978027270861 , 0.5146671593426438 0.7456803783045465 
0.42994941586808255 0.37376984256374557 , 0.37112451574723426 0.5575634953874208 , 0.505116015840237 0.7399752469958304 
0.4332906475855423 0.35831142827161433 , 0.3783485414893519 0.5805629486028843 , 0.4945507583806596 0.7324342080724981 
0.43638116943072536 0.3448991005218772 , 0.387081260025123 0.6036483495082362 , 0.4827275179997054 0.7227611349168833 
0.43932726516879955 0.3332633211903001 , 0.39760584153180156 0.6275338247318759 , 0.46925684075495266 0.7105114390248207 
0.4421879698684608 0.32321088374938667 , 0.4104586342036978 0.6530045820866084 , 0.4535433433833952 0.6950931191110018 
0.44499198446010285 0.3146044310263679 , 0.42609621763317185 0.6803253235717063 , 0.43510174536227914 0.6763788303489227 
0.44774277422696496 0.3073499500843249 , 0.44265599133685685 0.706588550960993 , 0.41579118189173203 0.657370083901679 
0.4504207906408686 0.3013852950894766 , 0.45744033724173044 0.7290131622994214 , 0.3983288195729548 0.640910127558099 
0.45299332786603663 0.29666680945120494 , 0.47030900610371296 0.7480902098626155 , 0.38288761348580425 0.6265515656331765 
0.45542228347895447 0.29316194288895436 , 0.48166217977025366 0.7646288915647135 , 0.3691054842063457 0.6135177504933291 
0.4576671318473446 0.29084625592212815 , 0.4918324323438583 0.7791915121674028 , 0.3566903832643509 0.601270816857466 
0.4596856245284963 0.28970214052763965 , 0.5010539079440562 0.7921495827165721 , 0.3454504149830012 0.5894568617027851 
0.461433462803653 0.289718241672461 , 0.5094918112301775 0.8037565778886211 , 0.3352646734217232 0.5778337653859147 
0.4628634046797088 0.290889210561155 , 0.5172661126586372 0.8141924571354557 , 0.3260604301172077 0.5662269172503861 
0.46392394789523655 0.2932156388702001 , 0.5244666202670449 0.8235894446643349 , 0.3177993792932722 0.5545035014124619 
0.4645575774763463 0.2967040977445954 , 0.5311623648655536 0.8320473453124885 , 0.31047000511365386 0.542557141889913 
0.46469846508553375 0.301367220833593 , 0.5374075590214169 0.839643009574654 , 0.304083923348603 0.5302983545387498 
0.46426940877885997 0.3072237472242531 , 0.5432454827297384 0.8464364106920731 , 0.29867505594695526 0.5176484270306707 
0.463177676537 0.3142983679384368 , 0.5487110775849486 0.8524746778997306 , 0.294301193333605 0.5045355391088295 
0.4613092397480266 0.3226210578390959 , 0.5538327050293065 0.8577948472851663 , 0.2910480026782205 0.4908926798227347 
0.4585206327084779 0.3322252247562133 , 0.5586333381767018 0.8624257801084602 , 0.28903597657037383 0.4766575800823235 
0.45462736452968255 0.3431432422628315 , 0.5631313474943259 0.8663895277848969 , 0.2884312354315451 0.46177581489926867 
0.44938762112307934 0.35539622997813153 , 0.5673409739281392 0.8697023302218622 , 0.28946135240433496 0.44621002474700333 
0.4424807818639274 0.36897114388477176 , 0.5712725416677609 0.872375391107522 , 0.2924366239238652 0.4299620499547032 
0.4334853621654445 0.3837701312230925 , 0.5749324419025792 0.8744155708929668 , 0.2977721433875298 0.4131228828309377 
0.421881573814944 0.39950327456917495 , 0.5783229300751705 0.8758261787778704 , 0.30598544356543883 0.39597913159995174 
0.407166285695562 0.41549473542003107 , 0.5814418651211326 0.876608127944606 , 0.3175817966388588 0.37920572158236 
0.38925773812651304 0.43049954441839483 , 0.5842827622687505 0.8767617582644478 , 0.33264944706028987 0.3640472822641544 
0.3690876553071044 0.4430263827029077 , 0.5868358800032573 0.8762892428898248 , 0.3502664121451918 0.35199295935426456 
0.34835749536484995 0.4523334826323041 , 0.5890907028827191 0.8751962706804323 , 0.3687417492079844 0.3437788316342607 
0.32843999834822746 0.45870361207420834 , 0.5910384626890468 0.8734914131801049 , 0.38671148641827924 0.3391135596926838 
0.30999546803312306 0.4628091719767332 , 0.592673106713894 0.8711839440552391 , 0.4035213727085365 0.33731546891502473 
0.2932280799890029 0.4652700437719516 , 0.593990954455174 0.8682818322302835 , 0.4189709130113765 0.33775670894476195 
0.2781410118994681 0.46655224010222257 , 0.594989905984985 0.8647904779263249 , 0.4330590295711004 0.33996586691844954 
0.2646657080423768 0.4669884787279566 , 0.5956686689355799 0.8607120240484605 , 0.4458555704775968 0.34360808217058 
0.2527158522655675 0.46681626683621935 , 0.5960261339204775 0.8560449759690647 , 0.45744796126950854 0.3484473421417131 
0.24220797869341018 0.4662083861417885 , 0.5960608938190671 0.8507839393381621 , 0.4679210749430763 0.35431625946704653 
0.23306851752159408 0.4652938927282109 , 0.5957708669893679 0.844919358495392 , 0.47735056294459166 0.36109533372339425 
0.22523553040763 0.46417208470756477 , 0.5951529821814239 0.838437180111108 , 0.48580143486649974 0.3686993201283244 
0.2186584797061082 0.4629218195927002 , 0.5942028880576705 0.8313183842093621 , 0.4933285796917749 0.3770683811449349 
0.21329737812703914 0.4616078490017613 , 0.5929146543986169 0.8235383251736252 , 0.4999779149298976 0.3861624107716107 
