0.11947397687796724 0.720305058761726 , 0.6412489626468733 0.9159910910988007 , 0.008664184307981215 0.12781504435922364 
0.12502015752590742 0.7106433069611571 , 0.6262073704546338 0.9215944380064841 , 0.01815959585228041 0.1318734492521092 
0.13081265082921556 0.7008343425684044 , 0.6108087426524007 0.9269943980104983 , 0.027765730351205352 0.13628245364084768 
0.1368579301519068 0.6908834470164648 , 0.5950446531286069 0.9321685795521018 , 0.03748454055230793 0.1410591676511838 
0.14316120090004372 0.6807963701118683 , 0.578907704594564 0.937092403299129 , 0.04731821833821395 0.14622242080875297 
0.1497259668851344 0.6705791389489051 , 0.5623919163794452 0.9417390394382532 , 0.05726924056824209 0.151793015832592 
0.15655352127657357 0.6602377484615336 , 0.5454931762710811 0.9460794113973998 , 0.067340426285167 0.15779403436081688 
0.1636423646089373 0.6497776939187861 , 0.5282097505622589 0.9500822914985021 , 0.07753500866162544 0.16425120880246205 
0.17098756003692614 0.6392032982964025 , 0.5105428374870673 0.953714516364689 , 0.08785672630882818 0.17119337955865888 
0.17858004588542653 0.6285167808870505 , 0.4924971375397767 0.9569413491870102 , 0.09830994040761841 0.1786530641456896 
0.18640593640451286 0.6177170083942504 , 0.47408140053541853 0.9597270103586457 , 0.10889978689289027 0.1866671754668543 
0.19444585102829576 0.6067978659630865 , 0.45530889559762844 0.9620353857241499 , 0.11963237720689751 0.1952779425325139 
0.2026743161257841 0.5957461810157054 , 0.4361977397731682 0.9638309017265573 , 0.1305150679338694 0.20453411147748765 
0.21105927513760667 0.5845391213782499 , 0.41677101799277017 0.9650795297175215 , 0.1415568307024449 0.2144925431239789 
0.219561715428048 0.5731409584431337 , 0.397056636098215 0.965749850869269 , 0.1527687723065587 0.2252203849073476 
0.22813536413897062 0.56149901316133 , 0.37708687258811924 0.9658140846200135 , 0.16416488710573188 0.23679809643840682 
0.2367263094754762 0.5495384485695489 , 0.3568976330549972 0.9652489654644774 , 0.1757631813023483 0.249323780185724 
0.24527224915700138 0.5371552713158299 , 0.33652745866182016 0.9640363527483209 , 0.18758741601400022 0.2629195701555995 
0.2537008114719709 0.524206340594892 , 0.31601638687291295 0.9621634797214857 , 0.19966992548793794 0.2777413739033725 
0.261925929821463 0.5104941510504258 , 0.2954047981706103 0.9596227887282415 , 0.21205639584074842 0.293994254441083 
0.26984031502906586 0.4957423502844862 , 0.274732399214054 0.9564113493486825 , 0.22481440958970192 0.31195749458658156 
0.2773000611961447 0.47955546314660275 , 0.2540374916013128 0.9525299010670738 , 0.2380495710353643 0.3320258300060737 
0.284093531391135 0.4613585733455774 , 0.2333566693814134 0.9479815858007968 , 0.2519369230602734 0.3547710350733761 
0.2898867595036015 0.4403720471359661 , 0.2127251112118709 0.9427704239028173 , 0.2667752531173494 0.380968723180967 
0.29423863341831613 0.4161848728752836 , 0.19217775953184335 0.9368995428016357 , 0.2829707308826623 0.41102677854283115 
0.29742435537971224 0.39182430296153037 , 0.1717519639119178 0.9303693407862319 , 0.30021080454119176 0.4419175504719882 
0.30073824479023925 0.3713441990684716 , 0.15149109450531084 0.9231778304382409 , 0.3171577845372717 0.469589164713038 
0.3045597210554512 0.3546404159138209 , 0.13144472430631443 0.9153257648228045 , 0.33338267847105624 0.4941450134831251 
0.30884581135910255 0.3408484595193598 , 0.11166570702146274 0.9068214416065117 , 0.3488756054522566 0.516441293093879 
0.31350193145722843 0.3293174981991175 , 0.09220657091620638 0.8976830476767299 , 0.3636786214593871 0.5371106483439031 
0.31844606759255917 0.31960813745636835 , 0.07311594309782883 0.8879389632360224 , 0.37782511314243394 0.5565640935273597 
0.32361356657240636 0.3114177257790243 , 0.054435539760159884 0.8776264526032503 , 0.3913380175002557 0.5750670158374758 
0.3289535652787967 0.30452965725465336 , 0.0361981713940064 0.8667892635616066 , 0.40423538716001883 0.5927922734034905 
0.33442534689792447 0.2987830753252892 , 0.01842695785805633 0.855474758324117 , 0.41653481907684115 0.6098533605703442 
0.3399956492377087 0.29405463228792555 , 0.001135652379456422 0.8437311541342317 , 0.42825582221565683 0.6263254077975932 
0.3456367877649587 0.29024713172050076 , -0.015670233431757323 0.8316052716457277 , 0.4394205694996206 0.6422587908535219 
0.3513253500795097 0.2872821887867564 , -0.031991878282323236 0.8191409647462539 , 0.4500536520356355 0.6576880406867401 
0.3570412755723437 0.28509531946449723 , -0.047835500761806024 0.806378220239489 , 0.46018134902228436 0.6726376545157642 
0.36276719504380134 0.2836325523088053 , -0.06321083411859962 0.7933528070573048 , 0.4698307629076203 0.6871258348536403 
0.368487948369588 0.28284802760889016 , -0.07812984437424389 0.7800963173806483 , 0.479029019837478 0.701166849230212 
0.37419022643004946 0.2827022569340949 , -0.09260572811529795 0.7666364515164095 , 0.4878026255180706 0.7147724857692461 
0.379862301433667 0.28316083670829345 , -0.10665217552910596 0.7529974293454115 , 0.49617699792826103 0.7279529281660455 
0.38549382122861453 0.2841934817009034 , -0.12028285943497102 0.7392004462601294 , 0.5041761620391786 0.7407172662587177 
0.39107565063739347 0.2857732889335116 , -0.13351110364500568 0.7252641219098085 , 0.5118225768404343 0.7530737833764305 
0.3965997477718053 0.28787617083043304 , -0.14634968628334752 0.7112049128809866 , 0.5191370623443643 0.7650301105083309 
0.40205906660956753 0.29048041489588877 , -0.15881074030615877 0.69703747594076 , 0.5261387975294133 0.7765933033831018 
0.4074474794071405 0.2935663395022093 , -0.17090572119424902 0.6827749781571084 , 0.5328453656199306 0.7877698765604331 
0.4127597141400031 0.29711602374655954 , -0.18264541901382325 0.6684293557591454 , 0.5392728287066422 0.7985658147140458 
0.4179913033263362 0.3011130951420907 , -0.1940399981105582 0.6540115264235993 , 0.545435818617044 0.8089865726540608 
0.42313854144775753 0.30554256301014027 , -0.20509905249419758 0.6395315608172525 , 0.5513476348792622 0.8190370703923581 
0.42819844882646485 0.31039068838376005 , -0.21583166860400327 0.6249988194000868 , 0.5570203436103606 0.8287216864359039 
0.43316874031520863 0.31564488338061036 , -0.22624648982382017 0.6104220601563395 , 0.5624648733414337 0.8380442506828011 
0.4380477975477176 0.3212936345965513 , -0.23635177905030186 0.5958095223476061 , 0.5676911053354065 0.8470080372755936 
0.44283464381180776 0.32732644627436125 , -0.246155476993932 0.5811689907329209 , 0.5727079570149465 0.8556157572124689 
0.44752892086567464 0.33373379992855046 , -0.2556652548589118 0.5665078440610738 , 0.5775234578260594 0.8638695502301268 
0.452130867234023 0.34050712783710746 , -0.26488856071904854 0.5518330910516985 , 0.5821448173178477 0.871770975330945 
0.45664129770489187 0.34763879840132195 , -0.27383265936729206 0.5371513965599081 , 0.5865784854952224 0.879320999258521 
0.46106158390778734 0.3551221118671888 , -0.2825046657280452 0.5224691001667673 , 0.5908302056530801 0.886519982185795 
0.4653936359948518 0.36295130532738773 , -0.29091157212773755 0.5077922290502378 , 0.594905059965708 0.8933676598421255 
0.4696398855741329 0.37112156630549076 , -0.2990602698513764 0.4931265066611595 , 0.5988075081100658 0.8998631212531008 
0.4738032701620416 0.379629054583432 , -0.3069575654925717 0.4784773584484983 , 0.6025414191633524 0.9060047811878207 
0.4778872195353672 0.38847093228646906 , -0.3146101926470059 0.4638499156401058 , 0.6061100969444609 0.9117903462931761 
0.4818956444768485 0.3976454026032083 , -0.32202481951507544 0.4492490178831216 , 0.6095162988710492 0.9172167737334211 
0.4858329285283793 0.40715175790895447 , -0.32920805297591116 0.43467921537648585 , 0.6127622482803541 0.9222802209343107 
0.48970392350008735 0.4169904384984958 , -0.33616643967752413 0.42014477098234687 , 0.6158496400102591 0.9269759847389084 
0.49351394964165635 0.4271631036439266 , -0.3429064646603079 0.40564966267983815 , 0.6187796388514739 0.9312984278959864 
0.49726880157747805 0.43767271730607965 , -0.3494345479964819 0.39119758662080995 , 0.6215528702518263 0.9352408902928616 
0.5009747613573202 0.4485236515874698 , -0.3557570398885511 0.3767919609602158 , 0.6241694023640534 0.9387955816720657 
0.5046386203037976 0.4597218119795602 , -0.36188021462728354 0.3624359305619413 , 0.6266287181563084 0.9419534516782498 
0.5082677117817822 0.471274789711098 , -0.3678102637655364 0.3481323726221701 , 0.6289296758165765 0.9447040318864833 
0.5118699576229949 0.4831920481668399 , -0.3735532888197004 0.3338839032053642 , 0.631070455029528 0.9470352428475474 
0.5154539317847878 0.49548515259148845 , -0.37911529376655373 0.31969288465118917 , 0.6330484858145884 0.9489331569770739 
0.5190289460154766 0.5081680553803654 , -0.38450217756071187 0.30556143378294265 , 0.6348603553780579 0.9503817050564436 
0.5226051640075215 0.5212574535756705 , -0.3897197268572226 0.29149143082803575 , 0.6365016866825236 0.9513623098160454 
0.5261937530067654 0.5347732413332539 , -0.39477360908559944 0.27748452894769315 , 0.6379669799116566 0.9518534239388047 
0.5298070855298805 0.5487390890368 , -0.39966936598594754 0.263542164265207 , 0.6392494042888897 0.9518299409177446 
0.53345900940908 0.563183193914054 , -0.4044124076848513 0.2496655662787934 , 0.6403405221085939 0.9512624340269042 
0.5371652129855267 0.5781392669092831 , -0.4090080073581879 0.23585576854541604 , 0.6412299182054838 0.9501161587650526 
0.5409437259040436 0.5936478513093006 , -0.4134612964995756 0.22211361952496197 , 0.6419046944283545 0.9483497233854892 
0.5448156181798153 0.6097581173062693 , -0.4177772607859724 0.20843979347903208 , 0.6423487664389796 0.9459132834344505 
0.5488059975892393 0.6265303558716278 , -0.42196073650470073 0.19483480132449282 , 0.642541862748284 0.9427460370236312 
0.5529454706101387 0.6440395278459708 , -0.42601640747669445 0.18129900134793647 , 0.6424580606993784 0.9387726650258444 
0.5572723503750123 0.6623804525127988 , -0.42994880237525734 0.16783260969226801 , 0.6420635758330676 0.933898132014685 
0.5618361192398283 0.6816756241955501 , -0.43376229229118435 0.15443571052940083 , 0.6413132968841786 0.9279998594948009 
0.566703098816681 0.7020873733477855 , -0.43746108832033637 0.14110826583145458 , 0.6401451133364779 0.9209155550405117 
0.5719662054118189 0.7238373762679027 , -0.4410492388207247 0.12785012464365167 , 0.6384701572417284 0.9124236933081975 
0.5777626415802023 0.7472384627519734 , -0.444530625739695 0.11466103174023458 , 0.6361551079923152 0.9022116997275439 
0.5843073173531574 0.7727438903366539 , -0.447908958892257 0.1015406355048431 , 0.6329887653719222 0.8898266683782549 
0.5919532027122111 0.8009939054015907 , -0.45118776586280385 0.088488494833623 , 0.6286216869834154 0.8746287939845382 
0.6012367976096109 0.8326005731545998 , -0.454370372174604 0.07550408500838109 , 0.6225206983978158 0.856006536056771 
0.6123173056334624 0.8662015670918327 , -0.45745985978579995 0.0625868043639517 , 0.6145296779851602 0.8353228227639675 
0.6235463818820374 0.8970775114082811 , -0.46045900011340035 0.049735994353702725 , 0.6062997420641857 0.8172976884577682 
0.6339322983336036 0.9242118797304588 , -0.46337025666521536 0.03695098529998762 , 0.5988250821644344 0.8029483291893056 
0.6434390154913211 0.9484119463752462 , -0.4661958725130015 0.024231124542444533 , 0.592143980854503 0.7914681233020614 
0.6521960231176669 0.9703996409694495 , -0.4689379363091356 0.011575782572714317 , 0.5861290370242913 0.7821357706775883 
0.6603240104245727 0.9906640525685051 , -0.4715984209393242 -0.001015647504217121 , 0.5806615343475741 0.7744627891554642 
0.6679162879983688 1.0095352048616704 , -0.47417920741098546 -0.013543752128116671 , 0.5756500432454393 0.7681197414861984 
0.6750435267225883 1.027243747459724 , -0.476682100782029 -0.026009099754349244 , 0.5710256978922633 0.7628765465143773 
0.6817599165359692 1.043957085340841 , -0.4791088414258805 -0.03841224326588416 , 0.566736048722734 0.7585663521447952 
0.6881078172122788 1.059800848952142 , -0.48146111334357616 -0.05075372221270238 , 0.5627404199641202 0.7550640674803124 
0.6941209852570809 1.074872017207472 , -0.483740550488351 -0.06303406484668575 , 0.5590066890640929 0.7522732418589658 
