0.6422748300757175 0.047836794006999805 , 0.2553681089673796 0.5738028044590232 , 0.33235715757905204 0.48818409265068696 
0.6569231930981004 0.058480075357376315 , 0.25499276855512354 0.5574155127518609 , 0.31808413496892524 0.4939281030074728 
0.6712319640038604 0.069553320416815 , 0.25737493673256123 0.5382187511130183 , 0.3013931958857276 0.5020516195868767 
0.6851859689130584 0.08103540688089221 , 0.26280763078996205 0.5164648901804005 , 0.2820064969191289 0.5123233940554173 
0.6987704495006246 0.0929057249140567 , 0.2702359919452164 0.4941323779185662 , 0.2609936551763083 0.522785588284087 
0.7119697761409776 0.10514497865132377 , 0.27705583362742325 0.4741255191533364 , 0.2409744868537485 0.5305531933120498 
0.7247675172958837 0.11773467063701981 , 0.282030195327693 0.4571650861209958 , 0.22320238399857256 0.5349239343586942 
0.7371476298145868 0.13065590193521698 , 0.2850885390197627 0.44287225152132714 , 0.2077639277877998 0.5362955376601657 
0.7490955372580982 0.14388868539934388 , 0.28641540804796023 0.4308057316810506 , 0.19448915131609099 0.5351292740363154 
0.760598872830204 0.1574118111362762 , 0.2861853600419054 0.4206465230753782 , 0.18321586375004 0.5317653569050554 
0.771647939239782 0.1712030511030318 , 0.28451628404286244 0.4121883598245915 , 0.17383587333950495 0.5264322801890865 
0.7822359306509593 0.18523954243310098 , 0.28146719237584866 0.40530980303738573 , 0.1662969735953414 0.5192743456462231 
0.7923589510487385 0.1994982391453202 , 0.27704080352013327 0.3999543361221175 , 0.1606003420532776 0.5103711158492721 
0.8020158647042293 0.21395635445661013 , 0.27118227377080073 0.3961193708471556 , 0.1568019581471195 0.49974796581294406 
0.8112080179880619 0.2285917402379039 , 0.2637713958717802 0.3938521132648545 , 0.15502068276230738 0.48737983761395137 
0.819938871663079 0.24338316951420455 , 0.25460611533272964 0.393249859655903 , 0.1554551096263408 0.4731906619466022 
0.8282135766439764 0.2583105017660039 , 0.24337633055831157 0.3944585729732998 , 0.15841018941986143 0.4570546163774061 
0.8360385126025622 0.2733547169787914 , 0.2296409921530459 0.3976438158178468 , 0.1643205918665413 0.4388251583200716 
0.8434207846550177 0.28849780009767156 , 0.212912778912892 0.40282058122925435 , 0.17366653305423974 0.4185053097897838 
0.8503676382343432 0.3037224461627852 , 0.193348567302758 0.4091812154405266 , 0.18628389108504814 0.3969200295133979 
0.8568857847699146 0.31901160661854905 , 0.17331422686754755 0.41431704691320265 , 0.19980008498468727 0.37649503758495795 
0.862981091543741 0.3343482260536423 , 0.1554634767307371 0.41659439307984547 , 0.21155552834767127 0.35888107198322183 
0.8686591730589617 0.34971550035553733 , 0.140454892873758 0.4161209535328927 , 0.22088603068942972 0.34398723722827956 
0.8739260911429849 0.3650972593986503 , 0.128148394366154 0.4133701201265476 , 0.22792561111301052 0.3313563115915117 
0.8787886872536943 0.38047824886027226 , 0.11830521190190324 0.4087262606375669 , 0.23290619746655192 0.32061918161887043 
0.8832546401763206 0.3958443116002824 , 0.1107404378536054 0.4024537753014841 , 0.23600501859222345 0.31152560421494313 
0.8873323781272227 0.4111824884568335 , 0.10534076030131691 0.3947268995347884 , 0.23732695819360985 0.30391430312508766 
0.8910309254800242 0.42648105331572544 , 0.10205997866081352 0.3856552212968855 , 0.2369091924813118 0.2976874165040986 
0.8943597304398786 0.44172949519771776 , 0.10091602936835879 0.3752996014845058 , 0.23472433681391208 0.29279459443448597 
0.8973285002323146 0.45691845895157257 , 0.10199465841748019 0.3636810861053088 , 0.2306769379723547 0.2892241460598281 
0.8999470586760033 0.47203965434891426 , 0.10546179926894245 0.3507858548497742 , 0.22459123867720368 0.28699818191802096 
0.9022252340411488 0.4870857403750955 , 0.11158602484281391 0.3365708002414945 , 0.21618883773818673 0.28616715050011937 
0.9041727811063199 0.5020501866846906 , 0.12076537851005328 0.3209832390292568 , 0.20506193700577632 0.2867902654027619 
0.9057993389072903 0.5169271060111654 , 0.13350410167158785 0.3040456776677519 , 0.1906966560432715 0.28885090743779185 
0.9071144216732206 0.531711037421018 , 0.15003502925808535 0.28618006645441496 , 0.17285064569084357 0.2919325872412763 
0.9081274238302823 0.5463966514951791 , 0.16881703595454556 0.26889260930877146 , 0.15305563683732165 0.2945344303127586 
0.9088475817955395 0.5609784574365101 , 0.18636174833841845 0.25391158973091266 , 0.13479076648819166 0.29493364394928645 
0.9092839069475707 0.5754508562314226 , 0.20104979880102264 0.2413808093216077 , 0.11966639087355624 0.292992025563679 
0.9094451961805522 0.5898084621161379 , 0.21284344494205604 0.2308447831256378 , 0.10771145549954128 0.28917044587493346 
0.9093400581114031 0.6040463364936092 , 0.22202925631173917 0.22190673206421654 , 0.09863078219900731 0.28387062255888346 
0.9089769131225243 0.6181600947676924 , 0.22886293768159335 0.21429577725336416 , 0.0921602458180319 0.2773678190956526 
0.9083639745843962 0.6321459351665789 , 0.23351534723014156 0.20783282476677736 , 0.08812077480761178 0.26984493118335284 
0.9075092239267737 0.646000624731517 , 0.23607599702799661 0.2023993552367214 , 0.08641487566737921 0.26142371114847074 
0.9064203880114494 0.659721462401411 , 0.23656070349469488 0.19791745192064428 , 0.08701900511600526 0.25218477679465373 
0.9051049235463341 0.6733062305240904 , 0.23491299002920232 0.19433734959922022 , 0.08998218304661312 0.24218011099339837 
0.9035700111199612 0.6867531413182739 , 0.2309968796156375 0.1916286097713113 , 0.09543320588655091 0.23144194002712376 
0.901822560550174 0.7000607817804468 , 0.22457997809024427 0.18977071223057188 , 0.10359755798173133 0.21999219710569026 
0.8998692294128433 0.713228058100889 , 0.2153095383776773 0.1887347815160538 , 0.1148213288316289 0.20786085149976613 
0.8977164578416378 0.726254137735433 , 0.20271098805583346 0.18843236156505866 , 0.12957265072467827 0.19513719181621716 
0.8953705247536523 0.739138382060911 , 0.18638366298835918 0.18855870937508912 , 0.14824590888013803 0.18212659968070868 
0.8928376295554399 0.7518802526715522 , 0.16705839633689057 0.18823793383526402 , 0.1701040707298191 0.16970550460989248 
0.8901239741633038 0.7644791747577663 , 0.14811415675480785 0.18622917988272328 , 0.19176196570403792 0.15911533647621912 
0.8872357454723415 0.7769344421989013 , 0.13232889103721 0.18238082598592611 , 0.21043546011259812 0.1505084229318813 
0.8841790084383077 0.7892452948493677 , 0.12011525396018644 0.1771751170059665 , 0.22570583422365553 0.14340327926137453 
0.8809596343333626 0.8014110410593979 , 0.11115473721600343 0.1710188052682586 , 0.23788572507278358 0.1373938447890522 
0.8775832695766594 0.8134311323049088 , 0.10509761657651293 0.1641756134251921 , 0.24731921046897723 0.1322169453866077 
0.8740553231361012 0.8253051954921428 , 0.10168927239327755 0.15681612860088065 , 0.25425550109277084 0.12770236702368518 
0.8703809627046781 0.8370330402963508 , 0.10077265332710633 0.14905661550610208 , 0.25884648059036514 0.12373403531425567 
0.866565116314976 0.8486146530251674 , 0.10227553632738648 0.14098223562282694 , 0.26115944397978713 0.1202268024687143 
0.8626124783118898 0.8600501836760868 , 0.10620308972049407 0.13266159635321312 , 0.2611845285897657 0.1171119110874087 
0.85852751945363 0.8713399300219694 , 0.11263908889113455 0.12415785083123934 , 0.25883348827738506 0.11432591026349982 
0.8543145014270621 0.882484320885183 , 0.12175639368149244 0.11554063538733866 , 0.2539292015135951 0.11179873484418687 
0.8499774966772928 0.8934838996207675 , 0.13383517808253328 0.10690473338868965 , 0.2461874218623235 0.10943505810725139 
0.8455204154680391 0.904339307701301 , 0.14927311352772696 0.0984076514148862 , 0.2352065676263836 0.10707673200052129 
0.840947043831307 0.9150512663694754 , 0.16849276109852793 0.09035217638543075 , 0.22056029169231472 0.10442024836180228 
0.8362610980908521 0.9256205497627901 , 0.19131750997800373 0.08332342634185831 , 0.2024214885532938 0.10087971501206003 
0.8314662959226503 0.9360479342173804 , 0.21523778094621362 0.07801212154354202 , 0.18329601975328574 0.09576363535578596 
0.8265663981128784 0.9463341216615293 , 0.23656293308774148 0.07424352364734559 , 0.16687076542152987 0.0892460458078335 
0.8215651538242329 0.9564797170622296 , 0.25417531501926766 0.07135861208057082 , 0.15425962777864913 0.08198536197390804 
0.8164662239448012 0.9664852790477024 , 0.2683286128732066 0.0689218623258733 , 0.14520525980414195 0.0744165497431327 
0.8112731388856909 0.9763513706086657 , 0.27944868998235883 0.06669867693030652 , 0.13927826775410004 0.06677364357773619 
0.8059892804348855 0.9860785894392462 , 0.2878678184405565 0.06455367342329651 , 0.13614299774670782 0.059191428254165665 
0.8006178755022493 0.9956675828383326 , 0.29380489893413153 0.06239637615804796 , 0.135577322185769 0.051759732120327896 
0.79516199607084 1.0051190532863012 , 0.29738263233748113 0.06015455925022264 , 0.1374554682138287 0.04455007858018448 
0.7896245629445081 1.0144337587532402 , 0.29864167766998795 0.05775911833720888 , 0.14173385600765387 0.037630814026259375 
0.7840083523196731 1.0236125102140314 , 0.29754598393642495 0.055132563006363336 , 0.1484457603660518 0.03107861789631371 
0.7783160049458056 1.0326561678548605 , 0.29397914295883176 0.05217637325590667 , 0.1577049487175126 0.024991150005941327 
0.7725500381905829 1.041565636796343 , 0.28773308220298616 0.04875245098313221 , 0.16971697622858084 0.019505603337233248 
0.7667128619872849 1.050341862571902 , 0.27849766696258843 0.04465161991309658 , 0.1847895676722765 0.014830208631709734 
0.7608068007003306 1.058985825704385 , 0.2659001111395746 0.03954096822187821 , 0.2032931847822447 0.011296897190445233 
0.7548341246145858 1.06749853260524 , 0.24982963788196616 0.032917644002547146 , 0.225336334125598 0.009407514508921267 
0.7487970952673662 1.0758809947022028 , 0.23171228730390261 0.024365236495820123 , 0.24949071405088113 0.009577459918685452 
0.7426980135124459 1.0841341829578486 , 0.2152709360082873 0.014509853451219346 , 0.2720311471014167 0.011179654707640443 
0.7365392157429997 1.0922589827276716 , 0.20258912610549287 0.004498099280390395 , 0.2908717547736573 0.013066609108646283 
0.7303230186307124 1.1002562056192724 , 0.19363350754591913 -0.005094365418047151 , 0.3060435704455184 0.014661850915482942 
0.7240516763202146 1.1081266259333404 , 0.18792365880855458 -0.014062422325864497 , 0.3180247614933807 0.015759487509232138 
0.7177273591049389 1.1158710088352213 , 0.18504585978858165 -0.022329865688086255 , 0.32722687772862935 0.016282547969573142 
0.7113521441705816 1.123490127486094 , 0.18471303282667925 -0.02985657509265339 , 0.33393491962488914 0.016190138723267578 
0.7049280125616006 1.130984772555978 , 0.18674589276402437 -0.03660512071766904 , 0.33832619129652497 0.015444039278399137 
0.6984568496890774 1.1383557570312401 , 0.1910519293200962 -0.04252606522463841 , 0.3404913176129764 0.013993999310106477 
0.6919404482107875 1.145603918207772 , 0.19761333782427665 -0.04754783702749473 , 0.3404463105870859 0.011767609936430931 
0.6853805128559961 1.1527301180350809 , 0.2064838917534801 -0.051565221812677954 , 0.3381356920126739 0.008658794894305183 
0.6787786672331413 1.1597352424833096 , 0.21779306650591385 -0.05442220409353783 , 0.33342836288309496 0.0045106527269363214 
0.6721364631073107 1.166620200189667 , 0.23175218669019335 -0.05588434955609348 , 0.3261114468246461 -0.0009121595168654168 
0.6654553932756779 1.1733859200832524 , 0.24863761265203893 -0.05559803768459344 , 0.31590709069443335 -0.007964191281950767 
0.658736910238086 1.1800333465063053 , 0.2686328088227955 -0.05306733305031668 , 0.3026303775612687 -0.017142322339280522 
0.6519824541596448 1.1865634273688925 , 0.29109426367076835 -0.047892942372984096 , 0.28692337879173696 -0.02884679387920034 
0.6451934902882539 1.1929770855616322 , 0.3131781425243645 -0.04086009800444515 , 0.27162846380953176 -0.042293296440479015 
0.6383715297219793 1.1992751750553814 , 0.3320065868644229 -0.03388148027539662 , 0.25962198003574793 -0.05557000366327681 
0.6315181005088234 1.205458470207521 , 0.34717374583652594 -0.02794476705153983 , 0.25130825027680087 -0.06769001203927323 
0.6246347085782575 1.2115276931409198 , 0.3591521318461052 -0.023275602374610037 , 0.24621325619778747 -0.07842839964960183 
