0.7350198420122551 0.9647124351006581 , 0.8894051734649583 0.40892640598561913 , 0.2186986832670551 0.30144746557816204 
0.7182396018501858 0.9753882423519814 , 0.8950354509785813 0.4079455340644428 , 0.2298486459155015 0.29175253024801506 
0.701459484902093 0.9856919947434891 , 0.9003758514419403 0.4071873225685563 , 0.24128836240023524 0.2822069893523939 
0.6846870341144307 0.9956368998630769 , 0.9054214916076166 0.4066319444488714 , 0.25301517302222115 0.272817462352491 
0.6679291868341474 1.0052352211640108 , 0.9101680989635952 0.40626073263326706 , 0.2650264129465259 0.2635903528671616 
0.6511923949159485 1.014498416209918 , 0.9146118389765968 0.40605604036287263 , 0.27731946485172315 0.2545318500916488 
0.6344827110822333 1.0234372612683449 , 0.918749173296609 0.4060011051701005 , 0.2898918143654262 0.24564794022599395 
0.6178058487183178 1.0320619607532717 , 0.9225767429652315 0.4060799175595909 , 0.30274110706071927 0.23694442835157684 
0.6011672211935759 1.0403822410883434 , 0.9260912717624848 0.4062770945712639 , 0.3158652057882078 0.2284269710048322 
0.5845719658209753 1.0484074293216412 , 0.9292894857514611 0.4065777578065766 , 0.3292622471718323 0.2201011195362217 
0.5680249566966056 1.0561465173497093 , 0.9321680458541046 0.406967415089441 , 0.3429306961935584 0.21197237422528908 
0.5515308098881332 1.063608212959081 , 0.9347234909368267 0.4074318446437743 , 0.3568693979193087 0.20404624906158417 
0.5350938837583658 1.070800979107448 , 0.9369521894254541 0.40795698045136736 , 0.37107762556044877 0.19632834710562405 
0.5187182766107422 1.0777330629734623 , 0.9388502979286082 0.40852879727114993 , 0.3855551242049182 0.18882444641982724 
0.5024078233225586 1.0844125163271532 , 0.940413725749386 0.4091331936276156 , 0.40030214967232397 0.18154059670967077 
0.48616609218496804 1.0908472087313714 , 0.9416381045287274 0.4097558708917114 , 0.41531950203057305 0.1744832270413568 
0.46999638279225864 1.09704483499509 , 0.9425187626116521 0.4103822063651158 , 0.4306085533403578 0.1676592653042337 
0.4539017255122631 1.103012918176309 , 0.9430507040823297 0.41099711802375927 , 0.44617126914967575 0.16107627046437115 
0.4378848828199295 1.1087588092883056 , 0.9432285928012135 0.41158491826478033 , 0.46201022312312556 0.15474257911135353 
0.42194835258131946 1.1142896847087744 , 0.9430467422276244 0.4121291536190969 , 0.47812860393532475 0.14866746833656802 
0.4060943732292066 1.1196125421358034 , 0.942499112362416 0.4126124269255779 , 0.49453021315264606 0.14286133760305797 
0.39032493066727275 1.1247341957845394 , 0.9415793158474643 0.4130161978988947 , 0.5112194522295316 0.13733591298100523 
0.3746417666708106 1.1296612713789265 , 0.9402806361783611 0.4133205573496664 , 0.528201295895097 0.13210447793584645 
0.3590463885112052 1.1344002013674916 , 0.9385960622145803 0.4135039695252986 , 0.5454812480184832 0.1271821357716491 
0.34354007951309057 1.1389572206828602 , 0.9365183448323176 0.4135429761361513 , 0.5630652743988606 0.12258610984542789 
0.3281239102513925 1.1433383632724052 , 0.9340400838315728 0.4134118546383971 , 0.5809597046613034 0.11833608875363705 
0.31279875010563046 1.1475494595521776 , 0.9311538563191502 0.4130822223255281 , 0.5991710923194881 0.11445462478673368 
0.2975652789068258 1.1515961348774433 , 0.9278524020708544 0.41252257686983196 , 0.6177060177665884 0.1109675949171641 
0.28242399843490656 1.1554838090798107 , 0.9241288872752326 0.41169776341495407 , 0.6365708130341294 0.10790473416967443 
0.2673752435491925 1.1592176970919295 , 0.9199772761722027 0.4105683586330168 , 0.6557711790228733 0.1053002509394929 
0.2524191927597545 1.1628028106649602 , 0.9153928511867774 0.4090899641838981 , 0.6753116547977366 0.10319353181558089 
0.23755587807236606 1.1662439611804132 , 0.910372937138004 0.4072124072435038 , 0.6951948835338984 0.10162993824052215 
0.22278519396451607 1.1695457635656166 , 0.9049179049289401 0.40487885673918916 , 0.7154205998508123 0.10066168635963352 
0.2081069053757208 1.172712641340129 , 0.8990325554267181 0.40202488484693855 , 0.7359842379418295 0.10034878047737165 
0.19352065462478085 1.1757488328477543 , 0.8927280144601417 0.39857754090238345 , 0.7568750296593458 0.1007599329143014 
0.1790259672041946 1.1786583987635035 , 0.8860243013266501 0.39445456942219254 , 0.7780734302134237 0.10197333847874314 
0.1646222564547479 1.1814452310030539 , 0.8789537552995759 0.38956400977792804 , 0.7995476869899446 0.10407706588345732 
0.15030882720163574 1.1841130631962737 , 0.8715654928450203 0.38380457903885495 , 0.8212493786976124 0.10716866442931064 
0.13608487855092977 1.1866654829016794 , 0.8639309733440359 0.3770674728817688 , 0.8431078468493027 0.11135335088099127 
0.12194950621695046 1.189105945709787 , 0.8561504871337569 0.3692405051291855 , 0.8650237053935611 0.116739855825467 
0.10790170498767894 1.191437791270001 , 0.8483598252100106 0.3602157493724857 , 0.8868621685465788 0.12343276602195281 
0.09394037222792666 1.1936642610240207 , 0.8407354421048061 0.3499017949969002 , 0.9084478844115357 0.13152025064351858 
0.08006431361379453 1.1957885169872886 , 0.8334951737536794 0.3382409227921518 , 0.9295642113767945 0.14105686688499908 
0.0662722524537168 1.1978136602861573 , 0.8268906309665587 0.3252294227117653 , 0.9499608153239929 0.15204322366651699 
0.05256284376257285 1.1997427474595623 , 0.8211881018496469 0.3109359864019599 , 0.9693727531320487 0.16440757280291743 
0.03893469349611082 1.201578802096087 , 0.816638579735226 0.2955102814051062 , 0.9875504255129316 0.17799722316324654 
0.025386382018262772 1.2033248196519166 , 0.8134437963380936 0.27917468972850135 , 1.004293520387912 0.19258679728402167 
0.01191648939493771 1.2049837645345851 , 0.8117297098837436 0.2621986188222012 , 1.019477499465587 0.2079039233076533 
-0.0014763807500447791 1.2065585604038396 , 0.8115368971214841 0.24486341346936258 , 1.033063182372829 0.22366433279123754 
-0.01479358177255456 1.2080520762542415 , 0.8128291948879809 0.22742993388065577 , 1.045088085628842 0.23960429652954238 
-0.028036410598339452 1.2094671114285582 , 0.8155140811603343 0.21011747664953434 , 1.0556460281822735 0.2555017185863472 
-0.04120610048236897 1.2108063821910229 , 0.8194659038416208 0.19309582408923015 , 1.0648638953850167 0.2711841003841868 
-0.05430381894221137 1.2120725113958486 , 0.8245456231489471 0.1764871709641073 , 1.0728818945375327 0.28652662430448383 
-0.06733066941046727 1.2132680217213478 , 0.8306146292348379 0.16037328885798502 , 1.079839738919898 0.30144499608510694 
-0.08028769519376786 1.2143953322200212 , 0.8375429231585915 0.14480425662732746 , 1.0858684707794448 0.31588671781709116 
-0.09317588461438192 1.2154567575880904 , 0.8452130706391964 0.12980665339441136 , 1.091086512719454 0.3298228956819381 
-0.10599617655014094 1.2164545094759387 , 0.8535214260015384 0.11539034815651637 , 1.095598449292871 0.3432414490319847 
-0.11874946588094505 1.217390699221349 , 0.8623777965365647 0.10155373878675138 , 1.0994953680886488 0.3561418686563394 
-0.13143660856637746 1.2182673415027687 , 0.8717043310578856 0.08828761788196021 , 1.1028559762527603 0.36853134727971076 
-0.14405842622395723 1.2190863585313527 , 0.8814341063581205 0.0755779416194003 , 1.1057480186101052 0.3804220065136867 
-0.15661571016766937 1.2198495845066268 , 0.8915096738717005 0.06340777088896135 , 1.1082297350402373 0.39182895126885153 
-0.16910922491839356 1.2205587701449703 , 0.9018816978474662 0.05175860890639089 , 1.1103512258151957 0.4027689276130785 
-0.18153971122509227 1.221215587153544 , 0.912507740578133 0.040611308152510565 , 1.1121556693912276 0.4132594113583851 
-0.19390788864762934 1.2218216325682623 , 0.9233512091222242 0.02994667429232401 , 1.1136803782696734 0.42331799980385343 
-0.20621445775519398 1.2223784329068381 , 0.934380457301361 0.019745858995206672 , 1.1149576991981012 0.4329620147623949 
-0.21846010199251234 1.2228874481103003 , 0.9455680276211728 0.009990606841485448 , 1.1160157731156077 0.44220825171265393 
-0.23064548926179168 1.2233500752614865 , 0.9568900148111624 0.0006634021114308997 , 1.1168791731948975 0.45107282929152226 
-0.24277127326310693 1.223767652078979 , 0.968325532845321 -0.008252452554505652 , 1.117569439162054 0.4595711071399662 
-0.25483809463052415 1.2241414601913174 , 0.9798562688931669 -0.0167728033636144 , 1.1181055244816254 0.4677176498367366 
-0.2668465818960944 1.2244727282002186 , 0.9914661097533948 -0.024912642999948387 , 1.1185041708869676 0.4755262214641695 
-0.27879735230915503 1.2247626345437506 , 1.0031408284792922 -0.03268612798478936 , 1.1187802225741308 0.4830098001054784 
-0.29069101253421564 1.2250123101714903 , 1.0148678209020217 -0.04010660839614075 , 1.1189468903764621 0.49018060488909004 
-0.30252815924709237 1.225222841044034 , 1.026635883511329 -0.0471866648868784 , 1.1190159744800316 0.497050130507284 
-0.3143093796458495 1.225395270469098 , 1.038435025646731 -0.0539381495525138 , 1.1189980527433867 0.5036291857478554 
-0.3260352518904642 1.2255306012860094 , 1.050256310201036 -0.06037222832228117 , 1.1189026404336961 0.5099279337007114 
-0.3377063454828904 1.2256297979097823 , 1.0620917180704557 -0.06649942332902482 , 1.1187383261567028 0.5159559320836822 
-0.34932322159730983 1.2256937882452796 , 1.0739340324332307 -0.07232965425680324 , 1.118512887908347 0.5217221726759633 
-0.3608864333687677 1.2257234654812268 , 1.0857767396319633 -0.07787227804174965 , 1.1182333924810721 0.5272351192249626 
-0.37239652614705704 1.2257196897731146 , 1.0976139440007753 -0.08313612656144236 , 1.1179062808905496 0.5325027434527675 
-0.3838540377215942 1.2256832898233168 , 1.1094402944401955 -0.08812954212574813 , 1.1175374420256665 0.5375325589668711 
-0.3952594985220888 1.2256150643660757 , 1.1212509209196866 -0.09286041070228748 , 1.1171322763466702 0.5423316530006517 
-0.40661343179902426 1.2255157835643766 , 1.133041379395904 -0.09733619288953461 , 1.1166957511473883 0.546906715989598 
-0.4179163537873048 1.2253861903251464 , 1.1448076038871826 -0.10156395270222413 , 1.11623244864439 0.5512640690415177 
-0.42916877385587104 1.2252270015386715 , 1.1565458646518865 -0.10555038426574209 , 1.1157466079482523 0.5554096893915105 
-0.44037119464562297 1.2250389092476373 , 1.1682527315886901 -0.10930183653456801 , 1.1152421618012007 0.5593492339513706 
-0.4515241121975994 1.2248225817507359 , 1.1799250421174536 -0.11282433615887678 , 1.1147227688244137 0.5630880610725807 
-0.4626280160730377 1.224578664645383 , 1.1915598729156474 -0.11612360862612044 , 1.114191841901658 0.5666312506451774 
-0.47368338946666294 1.224307781813702 , 1.203154514981756 -0.11920509780291581 , 1.1136525732291747 0.5699836226536537 
-0.4846907093143275 1.2240105363556042 , 1.2147064515773498 -0.1220739839983629 , 1.1131079564812454 0.5731497543071987 
-0.4956504463959293 1.223687511472471 , 1.2262133386664766 -0.12473520066405686 , 1.1125608064737202 0.5761339958560258 
-0.5065630654343749 1.2233392713046778 , 1.237672987527057 -0.12719344983926306 , 1.1120137766515856 0.5789404851990251 
-0.5174290251912206 1.2229663617259308 , 1.249083349255985 -0.12945321644250002 , 1.1114693746795032 0.5815731613810089 
-0.5282487785595091 1.2225693110971663 , 1.2604425009292113 -0.13151878150345853 , 1.1109299763745655 0.584035777070732 
-0.539022772654228 1.2221486309825436 , 1.2717486332114663 -0.1333942344220028 , 1.1103978381870294 0.5863319101038988 
-0.5497514489007331 1.2217048168298767 , 1.2830000392385472 -0.1350834843340932 , 1.1098751084064535 0.588464974168656 
-0.5604352431214183 1.2212383486176694 , 1.2941951046190647 -0.13659027065792853 , 1.1093638372466212 0.5904382287046986 
-0.571074585620855 1.2207496914707614 , 1.3053322984229376 -0.13791817288747574 , 1.108865985942185 0.592254788081154 
-0.5816699012695801 1.2202392962464492 , 1.3164101650413242 -0.13907061969485576 , 1.1083834349725235 0.5939176301128462 
-0.5922216095866747 1.2197076000928082 , 1.3274273168175519 -0.14005089739778892 , 1.1079179915133903 0.5954296039694202 
-0.6027301248212416 1.219155026980823 , 1.3383824273613518 -0.14086215784346012 , 1.1074713962041574 0.5967934375270768 
-0.6131958560328663 1.218581988211819 , 1.3492742254696644 -0.1415074257557254 , 1.1070453293074696 0.598011744208346 
