0.02523490122396399 0.36422782734674997 , 0.9627794806802507 0.5343493621013421 , 0.9176815839007391 0.4392552916517303 
0.02504638997860663 0.3516094674257582 , 0.957003336345469 0.5484651759934045 , 0.9236462394808781 0.43775783768065957 
0.025083897670011703 0.33902501304651184 , 0.9501873566233511 0.5594595834640026 , 0.9304247115115909 0.4393478845893078 
0.025344861874509617 0.3264788064185703 , 0.9427600898733903 0.567356567900761 , 0.9375910140570537 0.44399710678049087 
0.025826751518113804 0.3139752015229978 , 0.9350982084551099 0.5721502016989739 , 0.9447710058317299 0.4517070778778505 
0.026527107162653885 0.30151853549836205 , 0.9275811331157544 0.5737921753486633 , 0.9515877255265454 0.4625217702527969 
0.027443565588198913 0.28911309277154623 , 0.9206479770037881 0.5722031890844106 , 0.9576044232129667 0.47651619924386546 
0.028573867914438545 0.27676305968011927 , 0.9148651654130576 0.5673255243982039 , 0.9622569324774575 0.49374389702149907 
0.029915844020083782 0.2644724666116091 , 0.9109943142026025 0.5592773903578515 , 0.9647858075822674 0.5140826241303617 
0.031467357216338726 0.25224511879485473 , 0.9099623353237825 0.5487172295471047 , 0.9642662732648324 0.5368701327578629 
0.033226190133007795 0.24008453442936842 , 0.9124482859495819 0.5373293985949295 , 0.9600214897223638 0.5604185480755244 
0.035189890456190566 0.22799394259970915 , 0.9181126563450714 0.5275000974174469 , 0.9523934190036916 0.5823384410826662 
0.03735568497223995 0.2159763810684152 , 0.9256996055995352 0.5208812953573269 , 0.9426406752331783 0.6009748046740802 
0.039720538826198436 0.20403482506284706 , 0.9339659842842656 0.5179369222696275 , 0.9320094426944895 0.6158607337673476 
0.042281282650110205 0.19217226171708598 , 0.9420577032662 0.5185268736244735 , 0.9213569798886433 0.6271333457582627 
0.04503472349677429 0.18039170825546327 , 0.9494236425465268 0.5223583331085568 , 0.9112375997616523 0.6350824397358021 
0.047977719002990256 0.16869620070813798 , 0.9556745654890522 0.529153375123641 , 0.9020436813129109 0.6399829052680432 
0.051107221130317355 0.15708877045689537 , 0.9604856755217334 0.538687501536548 , 0.8941030691529026 0.6420562091063788 
0.05442029834402828 0.14557241543409968 , 0.9635332594595081 0.5507831651124648 , 0.887742408001417 0.6414769005532577 
0.05791414151649293 0.1341500672854418 , 0.9644476973734799 0.5652822630687968 , 0.8833341269149805 0.6384001507455835 
0.061586054573030485 0.12282455346419138 , 0.9627754152053161 0.5819915059196612 , 0.8813344960266067 0.6330164217159696 
0.06543342649429713 0.1115985530195519 , 0.9579647299270401 0.6005695268411353 , 0.882297809383616 0.625664401239135 
0.06945367690126153 0.10047454791437235 , 0.949452976034469 0.6203015961370293 , 0.8867893128692227 0.6170563370484206 
0.07364416703175537 0.08945478242164823 , 0.937051509403926 0.6397884337330516 , 0.8950002893692718 0.6085892649451223 
0.0780020878539312 0.07854126516445074 , 0.9216470076712252 0.6570555115765893 , 0.9060468702797967 0.6022357043587822 
0.08252439326615799 0.06773585255772283 , 0.9051418106797349 0.6706744352798123 , 0.9180297618590602 0.5994221932622871 
0.08720785162897719 0.057040374223231965 , 0.8892450069154663 0.6804512251301826 , 0.9292431072605095 0.6003408817464077 
0.09204916553400888 0.04645670719396216 , 0.8749266425036265 0.6868569703022981 , 0.9387201577673175 0.6045188036035619 
0.09704507241420793 0.03598678345951562 , 0.8626527708369329 0.6904666561539213 , 0.9459981225538121 0.6113790414863852 
0.10219240307152773 0.02563256398841208 , 0.852663443599427 0.691775330805776 , 0.9508401191339982 0.620424586305634 
0.10748810817022089 0.015396002738100559 , 0.8451254822788509 0.691184315653447 , 0.9530823753558811 0.6312521627082747 
0.11292926435135765 0.005279009601382787 , 0.8402061438632744 0.6890327806497006 , 0.9525605575903209 0.6435206908487389 
0.11851306657422761 -0.004716585724872277 , 0.8381099864887255 0.6856407459135777 , 0.9490729127419999 0.6569083209111168 
0.1242368088944738 -0.014589069155987422 , 0.839095024474409 0.6813637835647012 , 0.9423641324360702 0.6710577666911085 
0.13009785272482846 -0.024336876770882334 , 0.8434589417299659 0.6766735017490125 , 0.9321391713501586 0.6854958561216921 
0.13609357960157514 -0.033958625496841366 , 0.8514425561091942 0.6722812824016801 , 0.9181598300941836 0.6995098241949836 
0.14222132637257748 -0.043453129743280756 , 0.8629195735930314 0.6692745975806811 , 0.900555065839344 0.712011013262422 
0.14847831157590075 -0.05281938085197787 , 0.8767979802822811 0.6690047731306404 , 0.880419673946771 0.7216470888211598 
0.1548615921883512 -0.06205646207347863 , 0.8908603401909115 0.6723107618435848 , 0.8599740334256901 0.7275781813297161 
0.16136810532706453 -0.07116342409295699 , 0.9029952505130218 0.6788856801136515 , 0.8413326099648665 0.7301102250791278 
0.1679947716773737 -0.08013921295651857 , 0.9121388369485294 0.687830699490417 , 0.8255623571790497 0.7301409945659239 
0.17473858078231427 -0.08898268006766434 , 0.9179897845997672 0.698293504743928 , 0.8129676004228713 0.7285216564235586 
0.18159663193977013 -0.09769263180284453 , 0.9205519991547593 0.7096250058615626 , 0.8035473347104234 0.7259001070411042 
0.1885661437311681 -0.10626788479413556 , 0.9199027425193159 0.7213346528284432 , 0.7972270795544688 0.7227657130655146 
0.19564444646510196 -0.11470731497994181 , 0.9161059239911588 0.733019706816804 , 0.793945595348692 0.7195200892629601 
0.20282896510684895 -0.12300989840146984 , 0.9091864109580196 0.7443045668397948 , 0.7936805897400843 0.7165378126614972 
0.2101171955330702 -0.1311747440837015 , 0.8991321462792712 0.7547866075623824 , 0.7964466239926113 0.7142206176211413 
0.21750667447394376 -0.1392011185975955 , 0.8859231896373173 0.7639794840174445 , 0.8022661016936916 0.7130541156799731 
0.22499494262810657 -0.14708845930611672 , 0.869617050550183 0.7712524101550947 , 0.8110839726266631 0.7136685302508441 
0.2325795016336875 -0.15483636846103255 , 0.8505637868355918 0.7758028788436002 , 0.8225526773356734 0.7168659707172543 
0.24025777157020606 -0.16244457321678762 , 0.8298214662197401 0.7768256764456564 , 0.8356167280150065 0.7234513778709533 
0.24802707068243238 -0.1699128353060167 , 0.8094327879848046 0.774130064680955 , 0.8482361071377157 0.7336152517248837 
0.2558846511775294 -0.17724082845711658 , 0.7915763397979821 0.7686764723024606 , 0.858234974829441 0.746396837254478 
0.2638277844202641 -0.18442806658704455 , 0.7773291209875083 0.7619300780881035 , 0.8645390603971802 0.7603304695987632 
0.2718538309139387 -0.19147392990911372 , 0.7667737567591991 0.7550403749614011 , 0.8670683781318148 0.7742660360475347 
0.27996026471859525 -0.1983777406033311 , 0.7596132396747503 0.7487324540701928 , 0.8661224614116072 0.7874777676329603 
0.2881446673171493 -0.2051388385978569 , 0.7554976919483175 0.7434684941256456 , 0.8620536065394859 0.7995028255720333 
0.2964047083453322 -0.21175664112833642 , 0.7541227828103141 0.7395871024003801 , 0.8551684746493063 0.8100020198277784 
0.3047381217677459 -0.21823068507245982 , 0.7552401415145692 0.7373894501928779 , 0.8457177025226374 0.818673715979404 
0.31314268055191224 -0.22456065404315706 , 0.7586374060680382 0.7371939495795596 , 0.8339158791850021 0.8251991855634194 
0.3216161706204788 -0.2307463911607171 , 0.764099203702809 0.73937547554715 , 0.8199805914816647 0.829203396713389 
0.33015636441031365 -0.23678789608512077 , 0.7713363835957847 0.7443898105343237 , 0.8042032177988542 0.8302305666506189 
0.33876099537522003 -0.2426853016954428 , 0.77985019000252 0.7527519706759204 , 0.7870847804272125 0.8277658121193443 
0.347427738096316 -0.2484388221742241 , 0.7886987345054669 0.7648587052430253 , 0.7695694932031697 0.8214125980310206 
0.35615420588274105 -0.2540486646126745 , 0.796304104265535 0.7804711682505376 , 0.7532376556566764 0.8114099774619588 
0.3649379847410054 -0.2595149173359159 , 0.8009091317456264 0.7981451325642054 , 0.7398488493183206 0.7992022658715324 
0.37377670364092025 -0.2648374800829842 , 0.8016897922575931 0.8158149670698895 , 0.7302294699064391 0.7868549941129165 
0.3826680933861356 -0.27001609671708454 , 0.7988944045102868 0.8319784299445601 , 0.72413346790853 0.7758701478723464 
0.39160999889362574 -0.2750504497658937 , 0.7931589981730216 0.8458876124193275 , 0.720926968738305 0.7669953184463881 
0.40060035970988744 -0.2799402505975529 , 0.7850994162194105 0.857218316914953 , 0.7199961898756543 0.7605544147824219 
0.40963718066540095 -0.284685302347973 , 0.7752201145318421 0.8658147408787937 , 0.720838670607709 0.7567030425690013 
0.41871850294762997 -0.28928553692040027 , 0.763933078917101 0.871563206609078 , 0.7230443839402211 0.7555548114111442 
0.4278423786084834 -0.29374103146319913 , 0.7516004013515213 0.8743348936808535 , 0.7262531858449474 0.7572386188821676 
0.43700684897055736 -0.29805200797887293 , 0.7385828071317857 0.8739606867790466 , 0.730106309702609 0.7619238022996483 
0.446209927023083 -0.30221881719524585 , 0.7252992789980391 0.8702286935120325 , 0.73418675978383 0.7698226047830353 
0.4554495846573487 -0.306241905450957 , 0.7123104495960264 0.8629227935327536 , 0.7379359315515769 0.7811515930180253 
0.4647237475457026 -0.3101217614792551 , 0.7004287633610533 0.8519692436948871 , 0.740543454898196 0.7959849988841898 
0.47403030413778907 -0.313858840893865 , 0.6907739032782743 0.8378194362103912 , 0.7408917583888884 0.8138718857832956 
0.4833671389850649 -0.3174534782411726 , 0.6844539704858361 0.8219989682842029 , 0.7378748563340507 0.8332869910567916 
0.49273219197499085 -0.32090583010001417 , 0.6817331220036525 0.8068689709277835 , 0.7312306518263083 0.8518693402720525 
0.5021235107420253 -0.3242159068326226 , 0.6818419723364298 0.7942483704037496 , 0.7217304827264965 0.8678000175286947 
0.5115392570766688 -0.3273836714117069 , 0.6837380475316475 0.7848697721410666 , 0.7104186611966354 0.8803463803704621 
0.5209776774433126 -0.33040913121986415 , 0.686577815583835 0.7788337962074666 , 0.6981404727778041 0.8894078161122192 
0.5304370652693291 -0.3332923928632474 , 0.6897517962297758 0.7760271357582172 , 0.6855071043058467 0.8950977382048518 
0.5399157283454424 -0.3360336851249693 , 0.6928018113938135 0.7763062858721514 , 0.6729784260656958 0.8975598803526394 
0.5494119641621626 -0.33863336033936126 , 0.6953425133876431 0.7795578031296914 , 0.660941488255146 0.8969080383094914 
0.5589240426753439 -0.34109188104140375 , 0.6970004921933965 0.78570912821497 , 0.6497714309362111 0.8932152339262552 
0.5684501956778812 -0.3434097952828347 , 0.6973618757533049 0.7947144882809144 , 0.6398838943737655 0.8865277881017417 
0.5779886127001195 -0.3455877016952853 , 0.69592082926072 0.8065105578547916 , 0.6317865238441122 0.8769096249403151 
0.5875374447668699 -0.3476262042388799 , 0.6920367619139631 0.8209066970918206 , 0.6261217591241185 0.8645519882468807 
0.5970948194952752 -0.3495258575856297 , 0.6849641749205279 0.8373382764494568 , 0.6236369713891485 0.8500200622359944 
0.6066588730776902 -0.3512871109762372 , 0.6741530036393967 0.85447221566019 , 0.6248840890878647 0.8346473764158686 
0.6162278005053105 -0.3529102767977152 , 0.6599439904686086 0.8701726941336126 , 0.6295241748310325 0.8205700637639239 
0.62579990278277 -0.3543955641345301 , 0.6437683933987013 0.8826042483193024 , 0.6361276696234803 0.809623796915049 
0.63537359239955 -0.3557431691696825 , 0.6271914434547989 0.8911465561740456 , 0.6431309299506026 0.8024290940954583 
0.6449473577850483 -0.3569533540747212 , 0.6112681360713643 0.8959893866212497 , 0.649480471948539 0.7987964485532928 
0.6545197193316965 -0.35802648168797463 , 0.5966106097520855 0.8975539887025359 , 0.6545656367211696 0.79830497408526 
0.6640891950084353 -0.3589630170743396 , 0.5835950599783661 0.8962489890084302 , 0.65801171081815 0.8005465091657307 
0.673654278015581 -0.3597635117888616 , 0.5725009010222887 0.8924156784984162 , 0.6595407867670818 0.8051803143902667 
0.6832134243383847 -0.3604285799726025 , 0.5635894094659545 0.8863373013010263 , 0.6588931320006122 0.8119237597713975 
0.6927650480604133 -0.3609588703935142 , 0.5571509712597168 0.8782698101723252 , 0.6557799464848213 0.8205215413210102 
