0.002208475653607933 0.5124699608072858 , 0.9071767089807785 0.23253738710436755 , 0.23127432020237448 0.03150968130116982 
0.006173278088134582 0.5093169148782795 , 0.899288744516333 0.2365854887090478 , 0.2351974822322933 0.030614625625495943 
0.010391334434561653 0.5058269505748935 , 0.89110137481597 0.24060709095886826 , 0.23916679558622925 0.030082987679061444 
0.014868101541466217 0.5019967578765967 , 0.8826063545834298 0.2445987459125314 , 0.24318504871186486 0.02992152542369512 
0.01960985984478472 0.4978221778122966 , 0.8737947285366123 0.2485567739798098 , 0.24725491645536385 0.03013807742071679 
0.024623793940964957 0.4932981486643976 , 0.8646567460460768 0.2524772299500209 , 0.25137896484971917 0.030741650598404665 
0.029918090674465207 0.48841863789730094 , 0.8551817618866824 0.2563558631171205 , 0.2555596522756133 0.0317425281984017 
0.035502058348463116 0.4831765574879241 , 0.8453581201723385 0.26018807018052975 , 0.2597993263159593 0.03315240154436931 
0.04138627175572447 0.47756365961861397 , 0.8351730177819642 0.26396883923792763 , 0.26410021529907224 0.03498453035628157 
0.04758274917633027 0.47157040876930284 , 0.8246123425836568 0.26769268270421614 , 0.26846441307677377 0.037253937739304153 
0.05410516944972723 0.4651858250361678 , 0.813660480434726 0.2713535563435458 , 0.2728938549523075 0.039977647833109524 
0.060969139920416644 0.4583972918956006 , 0.8023000831499792 0.274944760721719 , 0.2773902817663649 0.04317497659550355 
0.06819252980950591 0.45119031946306654 , 0.7905117872035787 0.2784588201759043 , 0.2819551878236761 0.046867889573852274 
0.07579588888232686 0.44354825133096887 , 0.7782738695862339 0.28188733270999117 , 0.28658974636819995 0.05108144517186305 
0.08380297895059519 0.43545189896134373 , 0.7655618225665838 0.28522078183285 , 0.29129470331958174 0.055844348418629404 
0.09224145701593232 0.4268790818424088 , 0.752347822471588 0.28844829791574106 , 0.2960702253492403 0.06118964945467324 
0.10114376576606293 0.4178040434190085 , 0.7386000580196002 0.29155735160472673 , 0.3009156810510976 0.06715563418908783 
0.11054831307804514 0.40819670101083905 , 0.7242818696395683 0.29453335429633526 , 0.30582932211914726 0.07378697390564873 
0.12050106301036528 0.3980216707943807 , 0.709350630025203 0.29735912920058044 , 0.3108078118011924 0.08113622921786189 
0.13105772683137729 0.38723698389788913 , 0.6937562636098877 0.30001419857906986 , 0.3158455143954957 0.08926584673586407 
0.14228685288829349 0.37579237329609 , 0.6774392513169716 0.30247380399640383 , 0.3209334006314956 0.09825085192032927 
0.15427430451341057 0.36362695985574733 , 0.6603278837364136 0.30470752900112374 , 0.32605731658693654 0.10818254035595201 
0.1671299564238454 0.35066609991700465 , 0.6423343868026916 0.3066773129134153 , 0.33119516161022367 0.11917361638240312 
0.180998076427129 0.3368170982097353 , 0.6233493036396272 0.3083345020651279 , 0.3363121247700045 0.13136542893795985 
0.19607409274856713 0.32196355309573865 , 0.60323308547797 0.309615324290887 , 0.3413523266102234 0.1449381518261974 
0.2126329068960597 0.30595878073032756 , 0.5818030443309895 0.3104336763582205 , 0.34622355360971135 0.16012457212427506 
0.23107874310546242 0.28862217238189664 , 0.5588122880648663 0.3106691332322178 , 0.35076847366643193 0.1772257235987087 
0.25203415589755146 0.26975785120897045 , 0.533914312387522 0.3101460985418948 , 0.3547110365516872 0.19661307946195786 
0.27647930064221676 0.2492848784143282 , 0.5066017951614776 0.30859604091180126 , 0.3575784090330662 0.21863610988669366 
0.30576537717188 0.22783592796390162 , 0.47610459731963545 0.3055879841438813 , 0.35878953034524513 0.24309311710504025 
0.34039135863424097 0.20822392982242843 , 0.4412775549290694 0.3004091733126431 , 0.35899059127345023 0.26788392607775163 
0.3782291835097876 0.1941487388306499 , 0.40091644531909126 0.29196574929920155 , 0.3615138760078817 0.2904025410829717 
0.416252394736385 0.1870333411699692 , 0.356585916446044 0.2799595054465197 , 0.3678211936543317 0.30952418259633424 
0.45140041110256035 0.18543637137323302 , 0.3150336213420664 0.2677055272743825 , 0.3742254723921339 0.3233751305652076 
0.4833184288283525 0.18718460721756236 , 0.27829873058542975 0.2568167205430979 , 0.3790423454229783 0.3325157014521629 
0.5125134982158076 0.1911348786563649 , 0.24549489893474816 0.2472328873744769 , 0.3826511076862048 0.3381492631819814 
0.5394037839188581 0.19669111955359694 , 0.21570026955633972 0.23869388071522843 , 0.3855554513615627 0.34113202894399786 
0.5642723912007381 0.2034871713830166 , 0.18826880974848584 0.23098386548394947 , 0.3881183038875366 0.34204599234585714 
0.5873155955446894 0.21126696733936756 , 0.16275698638688868 0.2239421720668742 , 0.39058692290518254 0.3413078898065815 
0.6086772878802839 0.21983576208982988 , 0.13885042024871685 0.21744893808786497 , 0.39313179670775994 0.3392323290351284 
0.628468878185418 0.22903732611292615 , 0.11631757795282935 0.21141276675667875 , 0.39587304869851336 0.3360669363432184 
0.6467807012834299 0.23874185397120262 , 0.09498182218556313 0.20576231569022815 , 0.39889698136776763 0.3320128595513925 
0.6636887406687185 0.2488388570837576 , 0.07470422459226264 0.20044073585457062 , 0.40226653957577946 0.32723743627449503 
0.679258729901659 0.2592326223246458 , 0.055372653400677256 0.19540194802510621 , 0.4060281215344243 0.3218824588630712 
0.6935487377617365 0.2698391045099613 , 0.036894612336294846 0.19060808745519697 , 0.4102161547387292 0.3160698372476649 
0.7066108483231982 0.2805836754202043 , 0.019192394352277695 0.18602770121081832 , 0.4148562621612847 0.3099056525818006 
0.718492285645159 0.29139941330372127 , 0.0021997090507980127 0.1816344411567221 , 0.41996751014080363 0.30348317475237985 
0.7292361900006907 0.3022257494104272 , -0.014140724381561349 0.1774060914170394 , 0.4255640392176313 0.29688518838535666 
0.7388821717690436 0.3130073595872965 , -0.029878935141836375 0.17332382725481799 , 0.43165626820955355 0.29018584237070877 
0.7474667218334894 0.32369322939267714 , -0.045059012204029705 0.1693716380857785 , 0.43825179520730106 0.2834521617343676 
0.7550235288690218 0.33423584490549907 , -0.05972010199356494 0.16553586975850038 , 0.44535607796130394 0.27674531454882384 
0.7615837364142578 0.34459047569515233 , -0.0738971814211361 0.16180485554346058 , 0.45297294984363917 0.2701216979742104 
0.7671761617564999 0.3547145251606489 , -0.08762166717027599 0.15816861457353237 , 0.4611050102505369 0.263633889478642 
0.7718274919418588 0.36456692880017116 , -0.10092190359391698 0.15461860262810304 , 0.46975391648881903 0.2573314977845491 
0.7755624682108254 0.3741075841670321 , -0.11382355914703146 0.15114750428896997 , 0.478920595772967 0.25126194075682123 
0.7784040680096829 0.38329679802066396 , -0.12634995281016068 0.14774905832612392 , 0.48860538963723876 0.24547117286603543 
0.780373692964133 0.39209473690489094 , -0.13852232609635934 0.14441791014248725 , 0.4988081379689873 0.24000438216544512 
0.7814913715958259 0.4004608673117519 , -0.15036007212272448 0.1411494865049536 , 0.5095282053636595 0.23490667539611784 
0.7817759870780808 0.4083533708372718 , -0.16188093030815584 0.13793988880014504 , 0.520764448066836 0.2302237695754065 
0.7812455431022994 0.41572851836015995 , -0.1731011531611812 0.1347858017985128 , 0.5325151148956427 0.22600270905415062 
0.7799174852943495 0.42253998530254017 , -0.1840356500968612 0.13168441546981963 , 0.5447776696392728 0.22229262844046357 
0.7778091021635576 0.42873808750865977 , -0.19469811210069918 0.12863335781984914 , 0.5575485147739027 0.21914558388431446 
0.7749380392205539 0.4342689143391071 , -0.20510112022372345 0.12563063704786978 , 0.5708225858399306 0.21661747782584653 
0.7713229741158706 0.439073332586747 , -0.21525624026584705 0.12267459158056782 , 0.5845927709867376 0.21476910504550853 
0.766984521654247 0.44308583262960793 , -0.22517410552825715 0.11976384673634188 , 0.5988490887107712 0.21366734984687358 
0.7619464687070729 0.4462331887132577 , -0.23486448915145813 0.11689727692369054 , 0.6135775252811463 0.2133865635758752 
0.7562374854218603 0.4484329123228994 , -0.24433636727823496 0.11407397238414567 , 0.6287583866931358 0.21401014450577838 
0.749893528008919 0.449591499297984 , -0.2535979740754756 0.11129320955533661 , 0.6443639509033178 0.21563232035950283 
0.7429612496022309 0.449602523849249 , -0.26265684951101625 0.10855442415154376 , 0.6603551047455466 0.2183600812120307 
0.7355028803210737 0.4483447480915631 , -0.2715198807189466 0.10585718603287908 , 0.6766765052346341 0.22231509508838126 
0.727603231362997 0.4456806565312349 , -0.28019333782304273 0.10320117485377879 , 0.6932496112968068 0.22763519782780978 
0.7193796985430665 0.4414563077328931 , -0.2886829052714831 0.10058615534300065 , 0.7099627115651778 0.23447456613692969 
0.7109962739309178 0.43550432049296534 , -0.2969937101508014 0.09801195088063941 , 0.7266569410566448 0.24300075783921873 
0.702682252755577 0.4276534590915073 , -0.3051303497223935 0.09547841385442263 , 0.7431076018035777 0.25338515626689356 
0.6947545930300967 0.4177508035079595 , -0.31309692171959186 0.09298539125381149 , 0.7590018335262565 0.2657808344510525 
0.6876378003730376 0.4057049977298364 , -0.32089706283222685 0.09053268447384781 , 0.7739187672959507 0.28027934700913926 
0.681864491452227 0.3915571988108546 , -0.3285340029017164 0.08812000408997758 , 0.7873290162862507 0.2968398263119913 
0.6780264259319955 0.3755696120698691 , -0.33601064297245997 0.08574692441414682 , 0.7986437218772259 0.31520049272880757 
0.6766510629864809 0.35828237316746403 , -0.34332966073843474 0.083412848989647 , 0.8073381025887153 0.33482180705571246 
0.6780359185823828 0.34046129380720624 , -0.35049363341321577 0.0811170030747547 , 0.8131172196675944 0.35493873233086254 
0.6821497144960021 0.32292036131729357 , -0.35750515044417824 0.07885846441757112 , 0.8160149407849375 0.37473820347795883 
0.6886794839537499 0.3063274620811854 , -0.36436688427250374 0.07663622651480519 , 0.8163469051555153 0.39355334061683295 
0.6971709700546949 0.2911134798471749 , -0.3710816062683988 0.07444927256144131 , 0.8145701410504655 0.4109542768042073 
0.707156864281579 0.2774916161477242 , -0.37765215989262074 0.072296638165503 , 0.8111548004478034 0.4267287748995963 
0.718225918384014 0.26552329351750703 , -0.38408141343318497 0.07017745254269014 , 0.8065149998859327 0.44081628315262633 
0.7300433554973514 0.2551812299604618 , -0.39037221042003223 0.06809095872899347 , 0.8009883597594425 0.4532448405233683 
0.7423465038801501 0.24639350338145238 , -0.3965273273268526 0.06603651817830507 , 0.7948403282834642 0.46408700765306604 
0.7549320705244125 0.23906996819200174 , -0.40254944168606593 0.06401360554791184 , 0.7882768759984152 0.4734334554729099 
0.7676427573382103 0.23311665281175215 , -0.4084411102956504 0.06202179818027057 , 0.7814578577942018 0.4813785782208007 
0.7803558898954234 0.2284429802219026 , -0.4142047558490134 0.06006076328061364 , 0.7745083707903517 0.48801328571030717 
0.7929745274480123 0.22496499374447682 , -0.4198426600617991 0.05813024459486017 , 0.7675276374505485 0.4934217908734864 
0.8054207556789338 0.2226064629632437 , -0.42535696156879016 0.0562300495787092 , 0.7605957107266181 0.4976805166708705 
0.8176306919105817 0.22129891627464462 , -0.4307496571997719 0.05436003753924802 , 0.753778470125952 0.5008580753989308 
0.8295507684768495 0.22098116567650317 , -0.4360226055769677 0.052520108929807796 , 0.74713134193688 0.5030157546065125 
0.8411349483390279 0.22159862149119836 , -0.4411775322597125 0.05071019581150623 , 0.7407020887574465 0.5042082119101189 
0.8523426134226447 0.22310254852979458 , -0.4462160358851691 0.04893025340889825 , 0.7345329272992862 0.5044842272741307 
0.8631369357857437 0.22544933638737724 , -0.4511395949229998 0.04718025264901365 , 0.728662163974018 0.5038874401764326 
0.8734835937055765 0.22859981444512154 , -0.45594957478714726 0.0454601735622115 , 0.7231254859183326 0.5024570412054905 
0.8833497321772953 0.23251861981887917 , -0.4606472351393168 0.04376999942739783 , 0.7179570077987834 0.5002284099665465 
0.8927030937206691 0.2371736146650061 , -0.4652337372848741 0.04210971155604691 , 0.7131901484009668 0.4972337029917705 
0.9015112637895224 0.24253534283132558 , -0.46971015160931073 0.040479284625083274 , 0.7088583926565502 0.4935024017564147 
