0.19888943718295504 0.6572258690750398 , 0.36225679918726184 0.6731216809113029 , 0.05999291054056022 0.5357219945243235 
0.19509971214779914 0.6532632657477305 , 0.3578452013536867 0.6736241772785299 , 0.06819423340929129 0.5391821014844058 
0.19196573723120106 0.6481134743790163 , 0.35036462618000114 0.6734806192522238 , 0.07880878349957493 0.5444754508794261 
0.18933496079509185 0.6416523932457925 , 0.3396852918710653 0.672555916517058 , 0.09211889424462 0.5518612347478157 
0.18701947400561708 0.6337264579885517 , 0.32557637709207754 0.670648792309811 , 0.1085432958130825 0.5616942942123035 
0.18478129427408937 0.6241821146385389 , 0.30767595188976965 0.6674491138199844 , 0.1286819007469181 0.5744383160521429 
0.1824437644453803 0.6130666423605389 , 0.28543324702284384 0.6624578586554005 , 0.15326213544255302 0.5905450434947267 
0.18063938896651835 0.6015025078831582 , 0.25800557304369254 0.6548354268367619 , 0.18249418490056626 0.609731609790746 
0.1820127130432576 0.5928166379762384 , 0.22438690528207303 0.6432394424411122 , 0.21473952858544648 0.6300134640933155 
0.1882087046317404 0.589743831146271 , 0.18737289735294832 0.6274353772661837 , 0.24555754492608842 0.6488903360982113 
0.19697290079734756 0.592478285229311 , 0.1539987173491285 0.6098602779797816 , 0.27016752876430106 0.6637309813015735 
0.20503360461522643 0.5989500571850453 , 0.1265424138975287 0.592243195431014 , 0.28956312839802195 0.6748762918946067 
0.21172731286939434 0.6072862750875385 , 0.1046935511707553 0.5758650268259853 , 0.30471828287062747 0.6829182425971424 
0.217682362436134 0.616676306865502 , 0.08734049715671616 0.561123802778155 , 0.3161162873179269 0.6882694348670092 
0.22365649998695844 0.6268327223567869 , 0.07352657199219496 0.5480257298083785 , 0.32395607493162365 0.6912110923455007 
0.23032594591438085 0.6376655807575752 , 0.06256075842675558 0.5364639126350332 , 0.3282524425696406 0.6919400511180577 
0.2383139055381625 0.6491519789154468 , 0.053954666365730444 0.5263114100298366 , 0.32887057500688405 0.6906061555653826 
0.2482392049237667 0.6612574932042188 , 0.04736033069082169 0.5174493628776505 , 0.32553961129618864 0.6873626884287968 
0.2606992163781129 0.6738177289635107 , 0.04252885977142477 0.509775589745448 , 0.31791107076123937 0.6824762258017074 
0.2759809829481001 0.6862716729868003 , 0.03928555426283188 0.5032086073554003 , 0.30587260969984503 0.6765892641684655 
0.29310448935030137 0.6973019591004795 , 0.037515582414538715 0.49769257820887003 , 0.2905190751459369 0.6710750072013165 
0.3093402906425295 0.7054501354106744 , 0.037153117605797065 0.49320367852261465 , 0.27464573866245046 0.6674157305773771 
0.3225511219036404 0.7104677776005643 , 0.038166346278293274 0.48975103351778737 , 0.26042167872884336 0.6658507333923144 
0.33210335675940655 0.7128264495540315 , 0.040542452836360564 0.48736939905448556 , 0.2484933373150099 0.6658736959021491 
0.3379881816758778 0.7130147897743081 , 0.04427961266455846 0.4861115269379998 , 0.23887135257034076 0.6669432277983582 
0.3403073006276587 0.7113865723263268 , 0.04938486884055445 0.4860439489059418 , 0.23144697744256387 0.6686390232783975 
0.33911395950087386 0.7081787139670027 , 0.055875429802483216 0.48724593032012414 , 0.2261497576074199 0.6706449002235393 
0.3343679649149264 0.7035458101766067 , 0.06378227057445959 0.48981106362395577 , 0.222988911421391 0.6727126707101038 
0.32591690204089324 0.6975872424448378 , 0.07315603483944351 0.4938515773221781 , 0.22206621003044022 0.6746307247436503 
0.31348313775318504 0.690371088411957 , 0.08407617790869286 0.4995063580735797 , 0.22357983124889905 0.6761920980251295 
0.29667705860510785 0.6819692037125524 , 0.09666546599875575 0.5069554146014571 , 0.22779662230691336 0.6771449261966567 
0.27515930015455725 0.6725341523999429 , 0.11111357322506078 0.516447593526166 , 0.23486627353115894 0.6770877985845574 
0.249353256263793 0.6624324192057436 , 0.12771394127771443 0.5283587067796269 , 0.24407194936926951 0.6752784185252957 
0.22165889696188468 0.652063315419 , 0.14690329787442505 0.5433182057160582 , 0.25257695207446723 0.670688023375608 
0.19489051908680108 0.6408483180257035 , 0.16920124873550052 0.5624352272322672 , 0.25704737908847536 0.6627859992526953 
0.17056114404613087 0.6273119407883093 , 0.19457455293489626 0.587316985662608 , 0.2560034499297498 0.6514406180597487 
0.15159196966210864 0.6118078544269382 , 0.22072879903812131 0.6178562929857612 , 0.248818378210547 0.6364053970979667 
0.13987883210002622 0.5975050233134884 , 0.2454408089531191 0.6496392911602652 , 0.23581950585763162 0.6189252300369125 
0.13450912224172645 0.5853934684111051 , 0.2664589743284023 0.6773586003254615 , 0.22017105034064813 0.6033174757740996 
0.13473213846736212 0.5753995142947641 , 0.2835564509501486 0.7005597007756897 , 0.20285055749326622 0.5901103294402124 
0.14014035140547138 0.5674150612587091 , 0.2975716518652586 0.7202935222478327 , 0.18342714364004697 0.5783609610041244 
0.14996667592411325 0.5613540198695279 , 0.30919193015576146 0.7373551224022934 , 0.16198054083090221 0.567360402238845 
0.16189467996169632 0.5569080116785478 , 0.3188925666863629 0.7522460368143031 , 0.14035190026271768 0.5569154960178155 
0.17260931012543942 0.5534570600034768 , 0.32700542381404074 0.765279844842155 , 0.12152441297129671 0.5473326396650345 
0.18043144569451045 0.5505348027239063 , 0.3337665646000139 0.776662279105494 , 0.10694113661625251 0.5388724626812662 
0.18508144521910852 0.547928568922349 , 0.3393454320891843 0.7865398038640583 , 0.09671226960248408 0.5316011717242594 
0.18665959790318146 0.5455235439465219 , 0.34386446310231505 0.7950237467248247 , 0.09061508590528036 0.52552225383932 
0.1852648228329456 0.5432173157201533 , 0.3474124258147223 0.8022020372816491 , 0.08846189826310896 0.5206501915088643 
0.1809044559189865 0.5408853063492793 , 0.3500535119663656 0.8081454898101251 , 0.0901811790254248 0.5170387483512622 
0.1734877950537914 0.5383603199761753 , 0.35183367238231533 0.8129114569670242 , 0.09581767947467015 0.5147977675674672 
0.16288017413265096 0.5354168331568866 , 0.35278523324881406 0.816545857884804 , 0.10547373952931184 0.5141068534689761 
0.14914114388901006 0.5317869816831037 , 0.35293050965362227 0.8190837453037736 , 0.1190674933681445 0.5151988175237895 
0.1332730692792113 0.5273390436071231 , 0.3522848558179704 0.8205480732097129 , 0.13558122181359514 0.5181824276938308 
0.11803381326347816 0.5225244837566084 , 0.3508590231826986 0.8209464862035226 , 0.15224631046460008 0.5225985745505358 
0.10608044352657497 0.5182135627765779 , 0.3486596508619085 0.8202684491690055 , 0.1663990525222934 0.5275875325650834 
0.09825662744517896 0.514957145743615 , 0.3456876180272594 0.818486239926165 , 0.1771949014383385 0.532626158840887 
0.09451736817281113 0.5129908433825945 , 0.3419360178634046 0.8155575250886146 , 0.1846857608745611 0.5375211760394579 
0.09467192491333154 0.5124421238476725 , 0.3373882743179114 0.8114265722393725 , 0.1890789476795339 0.5422008484236219 
0.09860077790852888 0.5134363514278524 , 0.3320160040953835 0.8060237034898007 , 0.19052236490686442 0.5466094895930139 
0.10629381565084833 0.516147335277987 , 0.32577623287513113 0.7992631415580265 , 0.1890690983847973 0.5506590676746537 
0.11782889420854499 0.5208326258691293 , 0.3186076517694293 0.7910390305004606 , 0.18470260093280247 0.5541978881410773 
0.13326459169857502 0.5278566600402848 , 0.31042568438977547 0.7812185921731931 , 0.17744887082242625 0.5569942922971892 
0.15226733986153534 0.5376310003474658 , 0.30111638857497486 0.7696295030597389 , 0.16775541847426653 0.5588090411034623 
0.1732621158013577 0.5502421031609772 , 0.2905296940877803 0.7560341821173159 , 0.15734733702163878 0.5597932592323739 
0.19343426016088802 0.5649719024705564 , 0.2784719246026544 0.7400770872464254 , 0.14923296214723433 0.5610205547936852 
0.21104231641711657 0.5810706169269386 , 0.2646955702646272 0.721192366934822 , 0.14540126022903296 0.5638065606489063 
0.22584728168942683 0.5985815416479797 , 0.2489042359396221 0.6984665502323308 , 0.1463876292817278 0.5690214526303564 
0.23791096977746154 0.6181815338600861 , 0.23090280138906497 0.670540448121728 , 0.1523253757442502 0.5773475625288529 
0.24622028769780913 0.6398409766403449 , 0.2113810735163082 0.6366171316479947 , 0.16353778569665936 0.5896114362223273 
0.24853025307601825 0.659364558112474 , 0.1920486041535841 0.6002723650291322 , 0.18056028968117427 0.6064326213690607 
0.2452629814066009 0.673843708839897 , 0.1742173729682326 0.5672708044610658 , 0.2016587925359431 0.6249550312097041 
0.23778773364890973 0.6829775840950254 , 0.1596843191961922 0.5402054819422112 , 0.22366709406567464 0.6428864784734303 
0.22809103425555288 0.6869376655199104 , 0.14792657138096843 0.5178441497729908 , 0.24512154127425523 0.6612877292177657 
0.21904180563731449 0.6868883324328156 , 0.13822196200782672 0.4990445688492913 , 0.2638753792656353 0.68013664322856 
0.21269441549725382 0.6847364052778384 , 0.13008870485418791 0.48311466129498815 , 0.2783560265593348 0.6982184779378404 
0.20951078491430492 0.6818939258024146 , 0.12323227256235245 0.4696306515346068 , 0.28839608943411915 0.7145449671736456 
0.20924506753387892 0.6791292434812993 , 0.11747252888898713 0.4583125556028234 , 0.29442155048791047 0.7286277454265443 
0.2115316149580078 0.6768859338697212 , 0.11269723110428952 0.44896132710442826 , 0.2969103008484792 0.7402222835365175 
0.21604987254536942 0.6754931879085632 , 0.10883519825297722 0.44142716178701646 , 0.2962540761124299 0.7491491948150873 
0.22254113977121312 0.6752687273119712 , 0.10584053369949746 0.435592563524886 , 0.2927574734400659 0.7552082536738098 
0.23078224664086228 0.6765736137828761 , 0.10368283279556878 0.431362971867536 , 0.28667406747434543 0.7581329588602549 
0.2405316372483471 0.6798437198686833 , 0.10234077498379976 0.4286618830061854 , 0.2782667346786296 0.7575639416357982 
0.2514223245473258 0.6855839373851984 , 0.10179790460603201 0.4274292887842026 , 0.26791891775741866 0.753056318341266 
0.26274683734540505 0.6942338736839583 , 0.10204033086228066 0.4276232726813724 , 0.2563519787030908 0.7442123981453364 
0.2731561431419814 0.7056807014238485 , 0.10305694871074937 0.4292250937188643 , 0.24492605505804574 0.7311637493679541 
0.28082610309726996 0.7185028738443278 , 0.1048435261177976 0.43224723648304814 , 0.23546951769570892 0.715319434183291 
0.2846661258060363 0.7304206022794368 , 0.10741069868000977 0.43674025550265405 , 0.2290623224247304 0.698908686728576 
0.2847911340149241 0.739809361012056 , 0.1107917359848286 0.4427936033206117 , 0.2255562769110237 0.6834665801779992 
0.281789499445583 0.7459386100099338 , 0.11504749931067756 0.4505339710951465 , 0.22430214815451582 0.6695969634055866 
0.2762386567951407 0.748515325678029 , 0.12027112131654003 0.46012695595888764 , 0.22462936879909565 0.6574272628737502 
0.2685998611749383 0.7473743396785945 , 0.1265953219077435 0.4717845993720806 , 0.2259439638280946 0.6469106054599917 
0.25923521138680083 0.7423388793134652 , 0.13420474557173329 0.4857808700160301 , 0.22769918995224228 0.6379497951811715 
0.24844486741625682 0.7331529438455427 , 0.14335646995774956 0.5024792015468585 , 0.22933780953677002 0.6304373991182655 
0.23650348623620127 0.719431251879083 , 0.15441330672537978 0.52237984650874 , 0.23022235394919532 0.6242584461228438 
0.22369741273681001 0.7005989966248375 , 0.16789200267657522 0.5461973154254575 , 0.2295497314973911 0.6192732324603718 
0.21037822014965546 0.6758072566902994 , 0.18448443255914257 0.5749475895909574 , 0.22627649420197832 0.61531469822941 
0.19716738818560625 0.6439772756345015 , 0.20463883341702982 0.6096589801598764 , 0.21933292530814025 0.6124332887162889 
0.18638463065609914 0.606702543320553 , 0.2255871784942201 0.6475211155669159 , 0.20916733776045704 0.6118458856231979 
0.18028974970479697 0.5725933568082411 , 0.24262732221640718 0.6798157406321375 , 0.19822207498957214 0.6136604470702881 
0.17709915796615341 0.5442565342545262 , 0.2560016221082279 0.7062940761830566 , 0.18803836683639494 0.6155189340730838 
0.17539355170775406 0.5215737870589079 , 0.2665083357217185 0.7282953149789922 , 0.1792372594813037 0.6162004424727666 
