0.40635438379325517 0.19659554001597324 , 0.4285897160001826 0.16985772131700738 , 0.9453506558779915 0.9972252116023621 
0.40579880268830076 0.20060665931910068 , 0.43248813382983625 0.18049338662576023 , 0.9420078191532922 0.9825784269904818 
0.407582099109542 0.2029920390078792 , 0.4341679556728591 0.19293696987803619 , 0.9385447008890281 0.9677494640494273 
0.4117961962299195 0.20457567495745052 , 0.4335443751302141 0.20637180398081786 , 0.9349541843112956 0.9527309939970743 
0.4181060603860625 0.20642340403812637 , 0.43096028355478727 0.21973992897322442 , 0.9312284117305795 0.9375151399239918 
0.4257086922413971 0.20963787588473148 , 0.42722735865220846 0.23194711939580512 , 0.9273587047778237 0.922093477654806 
0.4335268269317083 0.21503142923312368 , 0.42343242250501467 0.24219003202823025 , 0.9233355062347063 0.9064570116739886 
0.4405293457961422 0.2229428473749039 , 0.42061710649404555 0.2501395393891291 , 0.9191483033812414 0.8905960861713096 
0.4459219121184922 0.23328633704896964 , 0.4195873598106387 0.2558919003891696 , 0.9147854837422983 0.8745002354972033 
0.4491854169581333 0.24566078545002906 , 0.42087523477600575 0.2598596700031447 , 0.9102341039372901 0.8581580174821688 
0.4500958388694633 0.25939799845871014 , 0.42471932952853275 0.2627235962560848 , 0.905479587273433 0.8415568782205476 
0.44880873937107923 0.2735778937699437 , 0.430980627152561 0.2654175012649258 , 0.9005053891477888 0.8246830779004731 
0.4459581535841106 0.28713457341605503 , 0.43904392642169027 0.2690222347386946 , 0.8952926756656281 0.807521664780593 
0.44258735522242515 0.2991327087299356 , 0.4478873773322734 0.2744893449963885 , 0.8898200231167304 0.7900564192090185 
0.4398474307269144 0.30904608939836137 , 0.45638427312328417 0.2823627244498772 , 0.8840630518212304 0.772269659087104 
0.43870583511777234 0.3168110404635254 , 0.4635950811230719 0.29272555703601755 , 0.8779938394305846 0.7541418754357996 
0.43984165742075565 0.32272053472485146 , 0.468873099176356 0.3053066495801166 , 0.8715799990743173 0.7356512886303744 
0.443638835072837 0.3273359913146158 , 0.4718725218636104 0.3195690141583099 , 0.8647833987349814 0.7167734674624168 
0.450144958026181 0.3314622021719291 , 0.4725912305146472 0.3347351415251324 , 0.8575585671306006 0.697481129238281 
0.45896906839614604 0.3361040848611654 , 0.4714748270410043 0.34983023944970676 , 0.8498508602342785 0.6777441486244704 
0.46924627378394357 0.3422817286604482 , 0.46945411217345673 0.3638671258884973 , 0.8415943697140285 0.6575296183863971 
0.4798443352781245 0.35073059073158497 , 0.46774122471229035 0.3761462416699839 , 0.832709195681014 0.6368016405337737 
0.4897135583134427 0.3617305717664679 , 0.4674839996613765 0.38642717237241986 , 0.8230971976966096 0.6155207287964549 
0.4981000825126202 0.37515870839513316 , 0.4695595600624787 0.394876406143138 , 0.8126351130963299 0.5936433583970715 
0.5045870294724683 0.3906019548217721 , 0.4745436854205732 0.40195356751136313 , 0.8011640407783873 0.5711229506022074 
0.5091097715628565 0.4074076569387497 , 0.4827105117442486 0.40835643625481355 , 0.7884744723643236 0.5479143797417794 
0.5120360803946933 0.4246961600725625 , 0.49397230349219123 0.4149972004084321 , 0.7742863717845442 0.523985112454348 
0.5142580545771699 0.4414491352053337 , 0.5078126996854087 0.42289208085198154 , 0.75822400140885 0.4993372568780273 
0.5171113110262047 0.4567431473993401 , 0.5233995068029752 0.43288744839938786 , 0.7397839378422487 0.4740478771366146 
0.5220596109404579 0.4699720031056124 , 0.5399394806333214 0.44535684205323944 , 0.7182956640976492 0.4483496277764908 
0.5303840836395995 0.48084593090995864 , 0.5569993152635675 0.460016665588492 , 0.6929113567682615 0.42281587643689195 
0.5430197582127214 0.48921754011710017 , 0.5744307916162978 0.47572636205313007 , 0.6628442058424093 0.3987345707651124 
0.5603575311426497 0.49490501529759534 , 0.5916174517527495 0.4904748230975749 , 0.6283197727760294 0.3782986345401724 
0.5818399691000828 0.4977480606188331 , 0.607084807206005 0.5025772522326561 , 0.5913699793653407 0.3633531600838534 
0.6058176555998734 0.4981847220295956 , 0.6199505530392333 0.5115112775081784 , 0.5545265470323218 0.35398247339756866 
0.6302929210109731 0.49752228061373344 , 0.630633048118024 0.5171468395237865 , 0.5193687865424315 0.3490093527978226 
0.6536130938114878 0.49712457205700733 , 0.6403073214597086 0.5194531086248915 , 0.4863743404002322 0.3471007922534437 
0.6746024687854096 0.4977423910426491 , 0.6502236308868249 0.5186554608338163 , 0.45546865599919406 0.3472806210588771 
0.6925312111470427 0.49950828946370823 , 0.6613377516837621 0.5152554841785453 , 0.4264257928406238 0.34891469929308894 
0.7070363520322204 0.5021466734648593 , 0.6742459307829213 0.5099427887583361 , 0.39901247285628705 0.3515890107121471 
0.7180749636461385 0.5051179494817131 , 0.6891984619875519 0.5035374923234268 , 0.3730213300377383 0.3550230311302026 
0.7259690660575254 0.5076948121962286 , 0.7060517798944482 0.49696271242324125 , 0.3482739097194551 0.35902094831587267 
0.731498138746837 0.509072385112603 , 0.7241781847549718 0.49116204328887997 , 0.32461843216962005 0.36344404453385953 
0.7358682855557345 0.5085881317758808 , 0.7424990668645037 0.48689707715717506 , 0.3019274032511906 0.3681932640022866 
0.7404271597540956 0.5059540918538796 , 0.7597726695324466 0.4845275134089721 , 0.28009492638488664 0.37319686767249066 
0.7463090407637887 0.5013065656046909 , 0.7749525022520958 0.48397043861142597 , 0.25903321265554435 0.3784014687192255 
0.7542710650124489 0.4950894640203732 , 0.7873549758568879 0.48482302885531825 , 0.23866871480209198 0.3837659800596509 
0.7646911167228146 0.48793426898691133 , 0.7966649213536992 0.48648627836929786 , 0.2189387175949149 0.3892579255791331 
0.777568466349955 0.48059884617111753 , 0.8029374292007851 0.48822830543916174 , 0.1997888601206885 0.39485132132506295 
0.7924596771431545 0.47391136322946054 , 0.8066634918777101 0.4892417189837749 , 0.1811715866505641 0.4005253907221068 
0.8084311493644387 0.46863145524134997 , 0.8088183615108354 0.488783413645602 , 0.1630452447961545 0.40626360404839024 
0.8242105420259211 0.4652278082653492 , 0.8107107611078328 0.48639788194091915 , 0.1453734525376747 0.41205278272907386 
0.8385499959788629 0.4637393586743207 , 0.8136203353148652 0.48205687016297155 , 0.1281244243777005 0.41788224409804997 
0.8505246428277384 0.4638356505752488 , 0.8184999337713735 0.47609971666432166 , 0.11127017907231662 0.4237431056957717 
0.8596114423070216 0.46496034607801917 , 0.8258975474941673 0.4690902907565712 , 0.09478576587023972 0.4296278361007517 
0.8656700264233141 0.4664279704961763 , 0.8359760646638249 0.4617204818470412 , 0.07864866458428951 0.43553002059212464 
0.8689634253798801 0.46747597688493625 , 0.8484929186477195 0.4547582522304761 , 0.06283841164382892 0.44144424381992975 
0.8702258157134636 0.4673506231023789 , 0.8627325306232444 0.44896185456182053 , 0.047336409334720546 0.4473659952711427 
0.8706367674215926 0.4654865220065534 , 0.8775321668704249 0.44490041091539945 , 0.032125821379410974 0.4532915400133893 
0.8715520283426247 0.46169920222483984 , 0.8915512809280111 0.4427615213551238 , 0.017191446400792683 0.45921774935537846 
0.8741252320711675 0.4562144497717911 , 0.903650011433352 0.4423220876512729 , 0.00251951216690895 0.4651419355122781 
0.8791061249347827 0.4495373993469532 , 0.9130912060921905 0.44307933265955185 , -0.011902575355544776 0.471061740928837 
0.8868319989059027 0.4423182430035067 , 0.9195492083313858 0.4443851371256074 , -0.026086451565860053 0.47697509280622796 
0.8972475008652463 0.43528089723288826 , 0.9230901889888239 0.44551737933874663 , -0.04004293418264174 0.4828801963637071 
0.9098628104432135 0.4291647337234106 , 0.9242140306526574 0.4457382070442635 , -0.053782085424442405 0.48877553216766795 
0.9237102892130461 0.4245997452469775 , 0.9238976940140022 0.44441889461431816 , -0.06731322755561985 0.4946598330740463 
0.9374759114291384 0.4219124074274368 , 0.9234638036596001 0.44123403063457206 , -0.08064495941731013 0.5005320348733331 
0.9498578059715975 0.421010430250935 , 0.9242221628651432 0.4362768259847933 , -0.09378521316531234 0.5063912166996136 
0.9598943007718298 0.42145910980733364 , 0.9271418069334618 0.4299828053164163 , -0.10674135203386323 0.5122365578115919 
0.9670614023728183 0.42263950551402446 , 0.9327536264784891 0.42297164376940993 , -0.11952027317987902 0.5180673236519076 
0.9712424874809729 0.4238552703479322 , 0.9411807486062137 0.41594033013095405 , -0.13212848041575814 0.5238828724564557 
0.9727257111687359 0.42438908767441347 , 0.9521411605090061 0.4096067203144816 , -0.1445721160063135 0.5296826649464469 
0.972255858415416 0.42358380420323427 , 0.9648958593746808 0.4046284055843198 , -0.15685696211866837 0.5354662631477879 
0.9710169983969716 0.42100231976941954 , 0.97826619193607 0.40144284008571923 , -0.1689884346616133 0.5412333130802032 
0.9703833680686045 0.4165938331349389 , 0.9908829819748909 0.40010112257409486 , -0.18097159437206706 0.5469835172263081 
0.9715306882825807 0.41070191007897305 , 1.0015752533786881 0.40025995150219207 , -0.19281118598984054 0.5527166113541767 
0.9752067031249614 0.4039150426839162 , 1.0095997445341542 0.40133107329199774 , -0.2045116919876873 0.5584323569594278 
0.9817191137005022 0.39691894583513615 , 1.0146530190671326 0.4026289794786969 , -0.21607737709620634 0.5641305476215087 
0.9909741201705073 0.39041933299602066 , 1.0168329458946546 0.4034481207801985 , -0.22751231039373357 0.5698110191591226 
1.0024562533644072 0.3850838893359423 , 1.0166588688958311 0.4031209295351004 , -0.23882036658880984 0.5754736540642991 
1.0151912474627767 0.3814279256732311 , 1.0151087258434284 0.40113217165088666 , -0.25000521763477646 0.581118375611224 
1.0278587859579134 0.37964237423185787 , 1.0135062994679698 0.397290965276807 , -0.2610703297544545 0.5867451334266769 
1.0391382566539933 0.3795022763888004 , 1.0131754762077954 0.39182230799616463 , -0.27201897719036006 0.5923538885503767 
1.0480573240440163 0.38046493559149064 , 1.0150917023103028 0.3852689303564707 , -0.28285427068289065 0.5979446069873804 
1.054107420679651 0.3818466340127253 , 1.019766521633806 0.37831457530450296 , -0.29357918664202876 0.6035172636181134 
1.0572046064097065 0.3829386454889747 , 1.0272867338686034 0.3716679767710224 , -0.3041965846068814 0.6090718506753445 
1.0576649653695862 0.38306520709128344 , 1.03733900065043 0.3660048822144511 , -0.3147092103485876 0.6146083836296071 
1.0562394557194545 0.3816598115724079 , 1.0491749897596414 0.36189176107356735 , -0.32511968980766753 0.6201269002893663 
1.0541019829891047 0.3784100285538059 , 1.0616232955784433 0.3596409913271584 , -0.3354305228961197 0.6256274530543773 
1.052623708510703 0.37340156035997896 , 1.0733151332433064 0.35916681399212635 , -0.3456440860825812 0.6311100985832362 
1.0529848923016303 0.3671033092469652 , 1.0830725099745846 0.36000027217693525 , -0.3557626466047866 0.636574891511441 
1.0559224523373363 0.3601947081530809 , 1.0901606849678507 0.36146187897259696 , -0.36578838163375865 0.6420218858096636 
1.0617123696496598 0.3534025805424198 , 1.0943057784758596 0.3628247512344911 , -0.37572339245409103 0.6474511411584306 
1.0702250063097374 0.34741985309324924 , 1.0956394583543494 0.36339589095514707 , -0.3855697089926584 0.6528627288869452 
1.0809266313670403 0.3428500034275062 , 1.094697410796727 0.36257173597857595 , -0.3953292864923389 0.6582567335292593 
1.0928512843774358 0.340101870621044 , 1.0924474710242458 0.35994335330579674 , -0.4050039997302532 0.6636332490085007 
1.1046964687686673 0.3392351188955606 , 1.090193928039293 0.3554509825192381 , -0.4145956411365318 0.6689923715205428 
1.1151484007555852 0.33989000931908514 , 1.0892522817901658 0.3494542699980113 , -0.42410592687432247 0.674334193618245 
1.1232417075932988 0.3414100624145764 , 1.0905895570106903 0.34260960703882126 , -0.43353650893256057 0.6796588034819439 
1.128492392293692 0.3430414555429824 , 1.0946913498017568 0.33567072824834077 , -0.4428889864240203 0.6849662891440184 
1.1308526087865427 0.34405891259629934 , 1.101607057713318 0.3293628164999248 , -0.4521649108284321 0.6902567438391173 
