0.7517414303456743 0.746777835432588 , 0.46952255199926374 0.5980352090271509 , 0.25528755873778597 0.08359031964152097 
0.7531115002882398 0.7477590269536201 , 0.4684922410082472 0.6062895182341469 , 0.254947799786237 0.07435481891349292 
0.7536291886774883 0.7482456173684913 , 0.46812292665358374 0.6146562257753309 , 0.254799425751652 0.06550152095743786 
0.7532766093849497 0.7482522126592261 , 0.4684430930558908 0.6231349572304846 , 0.2548318386418835 0.05701619421154922 
0.7520288694951651 0.7477908365711667 , 0.4694869154592359 0.6317268188656519 , 0.255035756128323 0.04888570866444141 
0.749852918424155 0.7468712985028868 , 0.47129557647922554 0.6404340969115505 , 0.25540304617934345 0.041097968686822764 
0.7467059361946071 0.7455015661363055 , 0.47391901932720315 0.6492599469398269 , 0.2559265855609137 0.033641851025127664 
0.7425330768446897 0.7436882020180386 , 0.4774183258079063 0.6582080131834394 , 0.25660013843012797 0.02650714889978206 
0.7372642824271197 0.741436961176568 , 0.481869006946821 0.6672818799826185 , 0.2574182517087832 0.01968452294207363 
0.7308097202348616 0.7387537253046242 , 0.48736565657295294 0.6764841791675136 , 0.2583761642749094 0.013165459629122248 
0.7230531288381998 0.7356461144014165 , 0.4940286850258744 0.6858150117728115 , 0.25946972721864964 0.006942237927032105 
0.7138419238787337 0.7321264800857822 , 0.5020142847866929 0.6952689789868347 , 0.26069533241729737 0.0010079050286431373 
0.7029722524361057 0.7282178278431115 , 0.5115294422716156 0.7048292738791045 , 0.2620498463750026 -0.00464373762095603 
0.6901664484211145 0.7239662974944847 , 0.5228545472670828 0.7144552030066712 , 0.2635305453945266 -0.010018136399895827 
0.6750411291396764 0.7194692947734145 , 0.5363753657982873 0.7240540430302581 , 0.2651350461447602 -0.015119973702412519 
0.6570763547861858 0.7149431128963564 , 0.5526139650012077 0.7334133919078192 , 0.26686122129533035 -0.01995314070291552 
0.6356738642178049 0.710888186499642 , 0.5721705964673419 0.742035875327949 , 0.268707080397577 -0.02452069772633103 
0.6107510179715481 0.7083986669938608 , 0.5951299446970434 0.7488295449284993 , 0.2706705784141324 -0.028824847821100057 
0.5845594550661385 0.70889738780742 , 0.6192427747783236 0.752373009058597 , 0.27274931123826185 -0.03286703276475701 
0.5606244405145848 0.7121588691128711 , 0.640986858674643 0.7528928553495836 , 0.27494024189349603 -0.036648360361194614 
0.5399306170184359 0.7169486001152341 , 0.6593810736197854 0.7516248717037703 , 0.27723985044450256 -0.0401701077177444 
0.5221254021336156 0.7224476332240891 , 0.6747816524753023 0.7493895662972963 , 0.2796444864738059 -0.043433835420125286 
0.5067062710317347 0.7282314920450126 , 0.6876946691762795 0.7466131704664782 , 0.2821506008747096 -0.04644129841023074 
0.49326840118830073 0.7340765213631727 , 0.6985282791685555 0.7435211744648018 , 0.28475486072586764 -0.04919433172671446 
0.48151229291670145 0.7398569040773798 , 0.7075850487061554 0.7402412145590905 , 0.2874541994598671 -0.05169475453521036 
0.4712176766675844 0.7454968479677214 , 0.7150880309278699 0.7368508120638771 , 0.2902458334872696 -0.053944295930338566 
0.4622205665690357 0.7509476649526942 , 0.7212037131913354 0.7334002376399495 , 0.29312726132235284 -0.055944538491383713 
0.45439710272819706 0.7561760789661924 , 0.7260581847629678 0.7299241602885405 , 0.29609625359155906 -0.05769687515347289 
0.44765264635206187 0.7611578673232438 , 0.7297480562769464 0.726447972556114 , 0.2991508384537157 -0.05920247577809783 
0.44191442221093197 0.7658741856733544 , 0.7323478339356824 0.7229914390877517 , 0.3022892849361096 -0.06046226065984618 
0.4371265014041422 0.7703093140324667 , 0.7339149541071579 0.7195709289524924 , 0.30551008557142384 -0.06147687888369924 
0.43324634402016154 0.7744491854096552 , 0.7344932579887147 0.7162008686445597 , 0.3088119390738478 -0.062246689952955035 
0.43024240721049 0.7782803543970879 , 0.73411540046864 0.7128947571844442 , 0.3121937334035941 -0.06277174748027214 
0.42809250590331377 0.7817892097765964 , 0.7328045058544097 0.7096659383343471 , 0.3156545293250006 -0.06305178400968352 
0.4267827289793339 0.7849613099244479 , 0.7305752677013843 0.7065282504207598 , 0.3191935444020059 -0.06308619624394778 
0.426306789429139 0.7877807573381813 , 0.7274346143939789 0.7034966368738732 , 0.32281013725960617 -0.06287403011079457 
0.42666573941696057 0.7902295449465022 , 0.7233820098173659 0.7005877843852654 , 0.3265037918483977 -0.062413965230507594 
0.4278680209176567 0.7922868089309223 , 0.7184094187984662 0.6978208536309116 , 0.33027410136660124 -0.061704298460573855 
0.4299298570116685 0.7939279124378621 , 0.7125009326616183 0.6952183779686367 , 0.3341207514094373 -0.06074292630523873 
0.4328760238971737 0.795123259775437 , 0.7056320153643492 0.6928074304309545 , 0.3380435018212012 -0.059527326105131353 
0.43674108494604663 0.7958366950074356 , 0.6977682895224325 0.6906212051797266 , 0.34204216661424497 -0.05805453608590197 
0.44157122226244977 0.7960232588005622 , 0.6888637276339645 0.6887012398761215 , 0.34611659118630983 -0.05632113457542353 
0.4474268759296828 0.7956259365073778 , 0.6788580392417884 0.6871006466369339 , 0.3502666259112529 -0.054323219043051464 
0.45438650298998157 0.7945707765786044 , 0.6676729430895032 0.6858889736690441 , 0.35449209500323936 -0.05205638614638827 
0.4625518891361005 0.7927592862881218 , 0.6552068925632621 0.6851597926287755 , 0.35879275938336147 -0.04951571481563693 
0.47205550531592616 0.7900561067146217 , 0.6413277635906697 0.6850430131651583 , 0.3631682721761283 -0.04669575577851956 
0.483070002696011 0.7862682063474109 , 0.6258634127783566 0.6857256909684795 , 0.3676181256083566 -0.04359053321462999 
0.4958173296529544 0.7811085390852714 , 0.6085926224767373 0.6874883931431041 , 0.37214158895303256 -0.04019356812711507 
0.510562362173351 0.7741326594222767 , 0.5892515388012345 0.6907686444471981 , 0.37673764010813865 -0.036497939768214305 
0.5275190433281817 0.7646457598542838 , 0.567627595264869 0.6962540169609932 , 0.3814049024896736 -0.03249641271401657 
0.5463786797589569 0.7517218406888511 , 0.5440312346934945 0.7048631940877581 , 0.38614162663027285 -0.028181670675348734 
0.5650331292297491 0.735170156116762 , 0.5205725804806597 0.7167798805117243 , 0.3909458313723155 -0.023546672527225827 
0.5803982513811996 0.7171158510400534 , 0.500337503452979 0.7298723962937509 , 0.39581578624854574 -0.01858488323254393 
0.5919694928531732 0.699495192094567 , 0.48383149372698003 0.7421980216353345 , 0.4007505545025711 -0.013289849628641184 
0.600495998765886 0.6828860268765031 , 0.470305483113651 0.7531718864600206 , 0.4057500592031873 -0.007654549235263436 
0.6066851285575656 0.667329433544689 , 0.4590514841487732 0.762744929721994 , 0.4108149283763855 -0.0016709991654227192 
0.6110333170265603 0.652734833755459 , 0.44957187593740755 0.7709985617582944 , 0.4159463481187565 0.004669968587506897 
0.6138788530511047 0.6389938511721883 , 0.44152673109921636 0.7780306353219122 , 0.42114595693240336 0.011378877607159844 
0.6154570549193702 0.6260078754406181 , 0.4346787145296627 0.783927714770077 , 0.4264157716336915 0.01846777389056517 
0.6159363979704016 0.6136926288174661 , 0.4288570098279 0.7887603227252636 , 0.4317581332844228 0.025950412558530513 
0.6154407785510175 0.6019768954805347 , 0.42393509807930685 0.7925839898420908 , 0.4371756644524 0.03384247877863482 
0.6140633758333608 0.5908000889667561 , 0.4198169341253434 0.7954414199861972 , 0.4426712311240203 0.04216185514830703 
0.6118755300300717 0.5801098948138471 , 0.4164281076885007 0.7973645204401508 , 0.44824790336415216 0.050928948847262345 
0.6089326180062733 0.5698602476459026 , 0.41371001458419543 0.7983760215760694 , 0.4539089084922558 0.06016709487928824 
0.6052780765285005 0.5600096262617611 , 0.4116158954423691 0.7984906813208758 , 0.45965756911185485 0.06990305651862334 
0.600946259556221 0.5505195803934597 , 0.4101080659966114 0.7977161326997094 , 0.465497215529892 0.08016765100809103 
0.5959645566521815 0.5413533905800179 , 0.40915592709916226 0.7960534351409433 , 0.4714310573313807 0.09099653838029913 
0.5903550547753056 0.5324747618130706 , 0.4087344952923134 0.7934973770774149 , 0.47746199101510545 0.10243122521077475 
0.5841359483835088 0.5238464468882104 , 0.4088232850438816 0.7900365621875157 , 0.4835923076553341 0.1145203550255342 
0.5773228699633468 0.5154286803670748 , 0.409405428149484 0.7856532979731177 , 0.4898232429698937 0.12732138576106777 
0.5699303166529731 0.5071772740941521 , 0.41046694897208197 0.7803232938146638 , 0.4961542754576695 0.1409027961924443 
0.5619733921975514 0.4990411748555008 , 0.41199613458011086 0.7740151659329894 , 0.5025820143050623 0.15534702331277014 
0.5534701849088149 0.4909592072503848 , 0.4139829518661759 0.7666897385192807 , 0.5090984043077337 0.17075441833159488 
0.5444453029586718 0.48285561485717493 , 0.4164184738858383 0.7582991234625741 , 0.5156877642382145 0.18724862578151127 
0.5349354753359219 0.4746338792812147 , 0.41929429075242036 0.7487855551937297 , 0.5223217749943823 0.20498392962631592 
0.5249988811653982 0.4661682100927401 , 0.4226019070215276 0.7380799502049196 , 0.5289507528957987 0.2241552038036006 
0.5147313626894184 0.4572923550317808 , 0.42633218969837 0.7261001448491717 , 0.5354879886949361 0.24501086422030782 
0.5042956084798363 0.44778706254559614 , 0.43047507633863435 0.7127487127382951 , 0.5417808562642538 0.26786758881736905 
0.4939746394160411 0.4373743719872775 , 0.435020081667816 0.6979100887148826 , 0.5475568199988673 0.29311890339910024 
0.48426646513697136 0.4257506772175165 , 0.4399588547828144 0.6814461778389513 , 0.5523262211629386 0.32120650904479253 
0.47601766142729474 0.4127576277354885 , 0.44529248848154074 0.6631880166659804 , 0.5552413911738888 0.3524577196997915 
0.47043463440699346 0.39887127630824687 , 0.45104886428165797 0.6429167916914729 , 0.5550680423940728 0.38661529610154066 
0.4684619882964498 0.3857665040671837 , 0.4573188612868439 0.6203187039737225 , 0.5507706914994305 0.4223181560603542 
0.46979939496733575 0.37557226881341416 , 0.46432599865652335 0.5948899726702914 , 0.5424261474588651 0.4579411226175548 
0.4733144634905649 0.3694569400978568 , 0.47257241026074853 0.5657918065379636 , 0.5306646673314108 0.49315461746544004 
0.47800893731344896 0.36773585801680314 , 0.4831064662847792 0.5320064528533547 , 0.515436137484496 0.5286610532311026 
0.48329459738438973 0.3705559687565109 , 0.4963498001037383 0.4956262386539292 , 0.49690714359459615 0.5622211566908203 
0.48902898479409124 0.37827762981307234 , 0.509310476308421 0.46007005645146265 , 0.47821207998021203 0.5900556778367254 
0.49558632589546925 0.39129999644275926 , 0.5206956298719226 0.4236512746388927 , 0.4602695853153323 0.6134520930196085 
0.5038968288411101 0.4083754009066496 , 0.5295451058609733 0.38638294216170743 , 0.44310960638064084 0.6336450210329033 
0.5140166760290791 0.42495779863782157 , 0.535821473921085 0.3521065543948968 , 0.4267133911325601 0.651339011068542 
0.5247531932917819 0.4391185379127881 , 0.5407048622555494 0.3223086704368766 , 0.411093485535393 0.6669761557515956 
0.5353662939705073 0.4512306257145247 , 0.5449231912617064 0.29629282224798537 , 0.3962620558505106 0.6808799161387502 
0.5455397387523133 0.46185830711355763 , 0.5487950774074464 0.27324137587221725 , 0.3822167249229646 0.6933036811154853 
0.5551441540704163 0.4714019076603281 , 0.5524654880538323 0.2525515019691774 , 0.36894189895847573 0.7044499544717547 
0.564131419936119 0.4801231392547722 , 0.5560064292932086 0.23379848781455495 , 0.35641369185339666 0.7144817370319331 
0.5724908314131767 0.488194868254567 , 0.5594564830024782 0.21667751896848877 , 0.34460422666706947 0.7235309768782044 
0.580229465202414 0.49573484193630174 , 0.5628375219408372 0.20096333867469832 , 0.3334845539394731 0.7317051834902601 
0.5873627047574997 0.5028260570986548 , 0.5661624269656885 0.18648470629873995 , 0.3230264093595362 0.7390926007038654 
0.5939094241516979 0.5095289697015598 , 0.5694389382720835 0.17310817432206652 , 0.3132031786589431 0.7457662200776338 
0.5998894677970286 0.5158889592971002 , 0.5726717059551554 0.16072752476590052 , 0.30399036733054047 0.7517868800382594 
