0.06188667029474726 0.5253183804751771 , 0.3435131809177272 0.16564478640237912 , 0.23437052057618624 0.4123357648024857 
0.06350449253871271 0.5229737432207693 , 0.34923508975178347 0.17766037819054917 , 0.22703078949816455 0.40266481026872347 
0.06682824536423153 0.5192345229409345 , 0.35407359302881986 0.19111583629515128 , 0.21886853339560935 0.3929485724439561 
0.07187170714319449 0.5139669287702213 , 0.3578456663941546 0.20605083326248086 , 0.21005299825131166 0.3832811696473397 
0.0786627055331608 0.5070001230276122 , 0.36033391381080354 0.2224819247739935 , 0.20077375244469642 0.37381688387843626 
0.08724095080363008 0.4981163083400219 , 0.3612896272095615 0.2403912633015437 , 0.19123979377546918 0.36479136003847634 
0.09765563154604186 0.48703690328965266 , 0.36044020748482425 0.25971820123101275 , 0.18167453275779463 0.35654382715937655 
0.10996126917422479 0.4734031314612471 , 0.3574977506339407 0.28035859780437716 , 0.17231135198049527 0.3495372024144177 
0.1242067721968618 0.4567509395552675 , 0.35215989804442427 0.30217507763115614 , 0.16340370154737469 0.3443729144936183 
0.14040183438485526 0.43649275918614266 , 0.34408739148160356 0.3250147843481777 , 0.15528114592220194 0.3417913881457215 
0.15841716121843363 0.4119822025666756 , 0.3328362021476426 0.3487148261010381 , 0.1485170084225845 0.3426019030123282 
0.17775155200683565 0.3829857613933466 , 0.3177259378624906 0.373024341909119 , 0.1442928819193345 0.3472888283775763 
0.19739680757341954 0.3512074427183844 , 0.29777083866504583 0.3972156018655852 , 0.14460272555019535 0.3548758870960723 
0.21643297630039052 0.3210741337227149 , 0.2724654569838799 0.4193754872577578 , 0.15087193850439026 0.36284931069956916 
0.23387013883117075 0.2958513989148181 , 0.2429348408989112 0.4374728212477018 , 0.16296539205857874 0.369974711517522 
0.24906867866592175 0.27585671478373497 , 0.21059395701796335 0.4506376810335505 , 0.1801077361047756 0.3768045358627564 
0.2620704331246833 0.26045261782798523 , 0.17724547948891747 0.4582523504559978 , 0.20045445917505988 0.38459396339605884 
0.2732031627803317 0.2490154001612523 , 0.1456822724757877 0.46073537379559826 , 0.22088493653254132 0.3935481577231913 
0.28281463314152566 0.24103912645067618 , 0.11741723995374545 0.45975580020052403 , 0.23953849869338958 0.4025040050288416 
0.291175436372011 0.23612701011908893 , 0.09239734297580374 0.45668712461119915 , 0.25619759244084594 0.41048479694975376 
0.29847800120918444 0.2339852412774031 , 0.07015340698804526 0.45230058056923717 , 0.2711389635914309 0.41701310983340156 
0.3048592209180924 0.2344100786507079 , 0.05024977286648677 0.44701324232173373 , 0.2846613780040814 0.42187561070760016 
0.3104203888115518 0.23727447519402575 , 0.032354208040355104 0.4410649482179062 , 0.29699577493675366 0.4249595082681098 
0.31524161249798865 0.24251929722717724 , 0.01622296926307885 0.4346052627679341 , 0.3083057900275931 0.42617437168493044 
0.3193929438079468 0.25015087709631734 , 0.0016774089270748544 0.4277352701058912 , 0.318700019053639 0.42541278447783326 
0.3229450822809655 0.2602458019294707 , -0.01141442296041822 0.4205287556097319 , 0.32823971246811334 0.42252437414083915 
0.32598326470818884 0.27296406914809507 , -0.023150780563208663 0.4130437558498614 , 0.3369378876436805 0.4172911066820853 
0.32863066305396166 0.2885704854819522 , -0.03360540489209582 0.4053293811339454 , 0.34474511362679483 0.4093990650641442 
0.3310947193514435 0.30745126907192916 , -0.0428343739527586 0.3974301789746749 , 0.35151002638997575 0.39841748363343765 
0.33376181179211944 0.3300350975225544 , -0.0508818333285881 0.3893890631521771 , 0.3568903933251293 0.38387477100531026 
0.33732155809718983 0.3561682946928453 , -0.057785678384592004 0.3812490247153922 , 0.3602344920760628 0.36588161227180427 
0.3423947873162687 0.383225935747919 , -0.0635837764947751 0.37305283288568863 , 0.360959360967167 0.347020163046434 
0.3483884170327469 0.4073923962505003 , -0.0683180112267287 0.36483933897209836 , 0.3596999659826424 0.33106719645744304 
0.35442164121412223 0.427717797794054 , -0.07203088814993201 0.35663970622750296 , 0.35737961872447044 0.3189414276584847 
0.36005846433241223 0.4445918992510993 , -0.07476015382570166 0.34847791020494434 , 0.3544720612819501 0.31022912222399796 
0.3651192329048635 0.45851009251454716 , -0.07653627241586662 0.3403730313295535 , 0.3511874112996638 0.30441580783594097 
0.36952628665668896 0.4698484911976196 , -0.07738186143004065 0.3323414082056159 , 0.34762594656201234 0.301109032276806 
0.37323967762222154 0.4788662266181237 , -0.07731192359467916 0.32439832672513025 , 0.3438426177611183 0.30003437833678764 
0.3762307371907124 0.48573347867498123 , -0.07633432617813866 0.3165593490714773 , 0.3398739607760869 0.30100610393358307 
0.378469732558813 0.49055315737313926 , -0.07445031952507924 0.30884143117350155 , 0.33575095875492694 0.30390434313340076 
0.3799185417903727 0.49337414234451676 , -0.07165504048635425 0.3012639480602282 , 0.3315068704846422 0.3086608412752966 
0.38052448772774644 0.49419785422427553 , -0.0679380198226644 0.293849711413401 , 0.32718390388357865 0.31525136604236503 
0.3802130918717279 0.4929795704929693 , -0.06328375538545117 0.2866260296746043 , 0.32284103530238395 0.32369333151246793 
0.37887759433746765 0.48962517526179417 , -0.05767244452740445 0.2796258206116605 , 0.3185652219785975 0.33404793580658687 
0.37636208641226004 0.48398383961975733 , -0.05108099148501849 0.27288872547165927 , 0.31448927686141914 0.34642636658862497 
0.372432792220378 0.4758389293933716 , -0.04348440025635173 0.2664620745166436 , 0.3108219798246344 0.3609979277700264 
0.36672857378312473 0.4649094316498825 , -0.03485757571381268 0.26040139880705127 , 0.3078993737193486 0.3779881012231078 
0.3586852028192545 0.45091907823339133 , -0.02517725249112103 0.25476998352521524 , 0.30626242146052723 0.397609869921435 
0.34750577723582177 0.433963749769434 , -0.014422966454955078 0.2496368582478494 , 0.306687561007794 0.4196983236627581 
0.33267538816449443 0.4156534320566902 , -0.002574272971469291 0.2450732902547259 , 0.30966925659563554 0.44257220936862546 
0.31534938583209365 0.39930857282544846 , 0.010399839961567013 0.24115123391726653 , 0.31402114599500003 0.46283912493732654 
0.29727768058508364 0.38643808729186097 , 0.024555546107640356 0.23795107945811367 , 0.31793714509593674 0.47890976493006693 
0.2792106904803398 0.376676955184951 , 0.039981585575580625 0.23557679917965016 , 0.3205780957327403 0.49104517731544045 
0.2612734483811116 0.36929720551677436 , 0.056801947567914284 0.234173780981617 , 0.32169497583963486 0.4998279451816502 
0.24335761760279156 0.3636168431592036 , 0.07517738197668862 0.2339532277340909 , 0.3212353722091806 0.5057288607867471 
0.22526924431023157 0.3589920326338836 , 0.09530161723629155 0.23523052093559588 , 0.31919951024213766 0.5090763781105622 
0.20679927300009962 0.35472506901029754 , 0.11737540085153533 0.23848635529826162 , 0.3155956979370258 0.5100875073714825 
0.1878340857463435 0.34995582787602786 , 0.1415072604546804 0.2444497017483932 , 0.31042902558763685 0.5088934020556205 
0.16865149461406934 0.34362510395901846 , 0.16741643362147007 0.25412408932828856 , 0.30370244355312137 0.5055497383927345 
0.1504804884070661 0.33486608954247005 , 0.19386677836071384 0.2684050236084647 , 0.29542310502088087 0.5000278185291068 
0.13542443071040275 0.32408696514295743 , 0.2187370626466186 0.28703125379109434 , 0.28560887843163946 0.4921807127459898 
0.12473136738097247 0.3129336537510024 , 0.24074302231512973 0.30867780715267534 , 0.2742959820925586 0.4816874707763638 
0.11825987437387611 0.30278635175006385 , 0.25992718807339127 0.33252223170156 , 0.26158330934139346 0.46799034822841773 
0.1154202119974047 0.29437287755208774 , 0.2765446973648792 0.358657950431005 , 0.24780546242637697 0.4502681036969488 
0.11570951367795777 0.28808136087652547 , 0.290076504816735 0.38743141986464713 , 0.23398435329396802 0.42778615093886896 
0.1188490118889615 0.2842107045127486 , 0.2989381397288435 0.4175705761549751 , 0.22198322017085587 0.40151765101231784 
0.12482387602703238 0.2830813364292521 , 0.3028418416398109 0.44602722987461196 , 0.21210465412181753 0.3741903653761775 
0.13388901937546954 0.28504944480358774 , 0.30321103422132667 0.47156214601694985 , 0.20267031819186462 0.346687340859504 
0.14653144637404722 0.2903979862277321 , 0.30123935500418303 0.4943091212843073 , 0.1919995704104306 0.31859182416800214 
0.16303637510851243 0.29866193940589875 , 0.2976220040726773 0.5146255404011517 , 0.17911199260747113 0.2900114518729911 
0.18173022059192873 0.30715900610949787 , 0.2927633136085472 0.5327806256054302 , 0.16527683758818493 0.26335929996511354 
0.199761690719283 0.3135398195532973 , 0.28693410367305655 0.5489302356326454 , 0.15307457739632127 0.2408288764940988 
0.2162125765119437 0.3179640560119463 , 0.2803520962370555 0.5631710029625956 , 0.14320569903966168 0.22216387270549962 
0.23107766414484915 0.3211035203633331 , 0.2732048658242583 0.5755825744479883 , 0.13548784181955345 0.20661283686872012 
0.2444908685853832 0.32346761422286396 , 0.2656533886007856 0.5862422607696404 , 0.12962611460249213 0.1935890566875372 
0.25656602687394814 0.3253843346492807 , 0.25783328211031903 0.5952267374035755 , 0.12537106280439372 0.18268785962718534 
0.26738218201739505 0.3270581250966313 , 0.24985720869819267 0.6026098023978872 , 0.1225309810730732 0.17363100418552296 
0.2769913302093809 0.3286148541586975 , 0.24181825110031147 0.6084597417721882 , 0.1209607904789686 0.16622433574915574 
0.2854263013126502 0.3301304280736493 , 0.23379356694623857 0.6128373554564441 , 0.12055050352977222 0.1603311481499481 
0.2927059635406894 0.33164838492382176 , 0.22584784784779888 0.6157947379957398 , 0.12121656040017267 0.15585580876047997 
0.29883823840423474 0.3331906719716045 , 0.21803637340974932 0.6173746147249795 , 0.12289575997467692 0.15273364498345754 
0.3038216548445086 0.3347642094871103 , 0.21040762392557452 0.6176099934963616 , 0.12554109301857783 0.15092472869656973 
0.30764594555079017 0.3363647763026676 , 0.20300550563746939 0.6165239275125634 , 0.12911892060040142 0.15041022786481062 
0.310291971186253 0.3379791000617591 , 0.1958712818266857 0.6141292281767466 , 0.13360711877572226 0.15119060344153584 
0.3117311074384761 0.33958562870018644 , 0.18904531824345158 0.6104279954523858 , 0.1389939461067333 0.15328530752746927 
0.3119241295473501 0.34115418179314283 , 0.18256875974303072 0.605410840793111 , 0.14527748249828015 0.15673390909378762 
0.3108195602113473 0.3426444512744029 , 0.17648526764309527 0.5990556616983346 , 0.15246554393421838 0.16159881870730394 
0.30835140264048616 0.34400307394971574 , 0.17084297330890316 0.5913257826797529 , 0.16057599583927165 0.16797007505057276 
0.30443617913357995 0.34515865559565284 , 0.1656968535988629 0.5821671943315374 , 0.16963733905621808 0.17597308175285117 
0.29896932072542864 0.34601357312573644 , 0.16111182536697352 0.5715044796477848 , 0.17968922569625878 0.18578087890652012 
0.2918214949469107 0.3464304451874118 , 0.15716702103212604 0.5592347779384605 , 0.1907818558096242 0.1976337085541691 
0.2828374104713263 0.3462097188666815 , 0.153962007959901 0.5452187424806924 , 0.20297095335743362 0.2118704703326676 
0.27184655185118023 0.3450538282172234 , 0.15162628287742735 0.5292668281785632 , 0.2162975370600534 0.22897827528425482 
0.25872020150764613 0.34252188815581885 , 0.15033451495231323 0.5111184481912702 , 0.23071565532870164 0.24965859533295237 
0.2435936402430115 0.3380555470722866 , 0.15033256803373346 0.4904114797104806 , 0.24584416351191604 0.2748319048972742 
0.22751591799949855 0.33154920578225056 , 0.15198610798951195 0.46664559230254365 , 0.26026834579965047 0.30510413359524713 
0.21279535842538477 0.3251315106133606 , 0.15588222081437866 0.4391758459692167 , 0.2710927925488975 0.338991575097464 
0.2004157258134426 0.32227084892442664 , 0.16301195330585955 0.4073759557316441 , 0.2763426926693588 0.3736521270239706 
0.18960740611599283 0.3248116286223368 , 0.17466292454606697 0.3713243286826209 , 0.27550004112660115 0.40716297437508364 
0.1800023847964883 0.33291935570146597 , 0.19060717474394764 0.3330393847460645 , 0.269160812248225 0.4373401912325109 
0.17325938614900316 0.3431694870729192 , 0.20727434862396568 0.2970871516800479 , 0.2592366370156921 0.4630422929270742 
