0.8958053389675704 0.9299128099988935 , 0.5591029936330432 0.6844236228305788 , 0.0017689697288746364 0.24064519901524517 
0.8889603221528075 0.92803217105972 , 0.5630236585646856 0.6914266456845266 , 0.004693321611995106 0.2355228151004708 
0.8815975726582856 0.9257721680334046 , 0.567255506323099 0.698642434805513 , 0.0078242233481037 0.23056702900579984 
0.8736834783989618 0.9231092554480441 , 0.5718365052552674 0.7060945049539876 , 0.011157318675259157 0.22577787144268566 
0.8651779012936471 0.9200155022415566 , 0.5768109575366517 0.7138107795646008 , 0.014688443499189463 0.22115535003855993 
0.856032323462833 0.9164573828639202 , 0.5822313567170407 0.7218247929876284 , 0.018413622149614534 0.21669945599316878 
0.8461872416262035 0.9123940937271086 , 0.5881609955581742 0.7301773662114874 , 0.02232906514511051 0.21241017190612133 
0.8355684063973134 0.9077751493697188 , 0.5946777272646551 0.7389190012337284 , 0.026431168667519718 0.20828748124127006 
0.8240812285156541 0.9025368533000373 , 0.6018795577437778 0.7481133984514011 , 0.03071651607005628 0.20433138009327895 
0.8116021728137921 0.8965969574509006 , 0.6098932475772351 0.757842782144895 , 0.03518188193846099 0.20054189224892174 
0.7979650255681565 0.8898463284792264 , 0.6188880372089306 0.7682162142678733 , 0.03982423955240109 0.19691908909761752 
0.7829381991768193 0.8821356248193812 , 0.6290983299719841 0.7793828900560675 , 0.04464077318068478 0.1934631169692685 
0.766186548373719 0.8732541518950218 , 0.640861856186857 0.7915532434697812 , 0.04962889776891216 0.19017423647991433 
0.7472113846841044 0.8629012191638998 , 0.6546796267378368 0.8050275299535894 , 0.05478629090754695 0.187052882727228 
0.7253081162165775 0.8506905366696954 , 0.671258238992285 0.8201913301026852 , 0.060110947120625646 0.18409976507233666 
0.7000110545833419 0.8365305175043316 , 0.6910649722560122 0.8371350654485267 , 0.06560127549013403 0.181316048891859 
0.6737479229840234 0.8223453945408361 , 0.7116731118066161 0.8539325421993553 , 0.07125626753884853 0.17870369510452586 
0.6501331989292561 0.8103457732134453 , 0.7294684917497606 0.8683700288806415 , 0.07707561165047123 0.17626582975063054 
0.6293063391278748 0.8003514034078995 , 0.7443114836482858 0.880623623006644 , 0.0830594795533273 0.17400660543017388 
0.6106366718351306 0.791820945229287 , 0.7568323483234631 0.8912297885741927 , 0.08920828217089417 0.1719308980412377 
0.5936157776878314 0.7843628037213161 , 0.767538987730129 0.900574692666372 , 0.09552253691152758 0.17004413545702932 
0.5778920790189164 0.7777158532362621 , 0.77678242889354 0.9089135672277816 , 0.10200279441703158 0.16835221138067366 
0.5632207105194386 0.7717007202431386 , 0.7848069993112177 0.9164194705892681 , 0.10864959249883163 0.16686144101231068 
0.5494255591305369 0.7661885711901971 , 0.7917883196650672 0.9232145218565813 , 0.11546342353388366 0.165578538797939 
0.5363757074490683 0.761082877332145 , 0.7978568857947057 0.9293881452726789 , 0.12244470908571378 0.16451060923989352 
0.523970976121942 0.7563085825804386 , 0.8031125476289869 0.9350079029200986 , 0.1295937785785589 0.16366514634418014 
0.5121328225272752 0.7518054234945701 , 0.8076336295827669 0.9401261689458155 , 0.13691085021944568 0.16305003940433183 
0.500798421985576 0.7475236439400783 , 0.8114828673202453 0.944784404009476 , 0.1443960130236663 0.162673583895163 
0.48991669436550456 0.743421142840813 , 0.8147113988287321 0.9490159921621735 , 0.152049209135251 0.16254449684173095 
0.4794455587441802 0.7394615115146859 , 0.8173615277791535 0.9528481839456279 , 0.1598702158061539 0.16267193638440364 
0.469349987991334 0.7356126419710117 , 0.8194686878595299 0.9563034643791519 , 0.16785862647862373 0.1630655254945537 
0.4596005998630609 0.7318457126501917 , 0.8210628720271435 0.959400539230153 , 0.17601383043928323 0.16373537996437257 
0.4501726177758485 0.728134430135412 , 0.8221696940561171 0.9621550607798475 , 0.18433499049752206 0.1646921409294578 
0.4410450927808879 0.7244544482482694 , 0.8228111914562354 0.9645801712944417 , 0.19282101809236432 0.16594701230200606 
0.4322003145394036 0.7207829122437452 , 0.8230064426370202 0.9666869159941289 , 0.20147054515306373 0.16751180360684298 
0.4236233622859689 0.7170980923966597 , 0.8227720481158138 0.968484560618193 , 0.21028189192770474 0.1693989788298645 
0.4153017619808733 0.7133790819707034 , 0.8221225105021654 0.9699808378593482 , 0.21925302984644868 0.17162171201466558 
0.4072252261010322 0.7096055416094518 , 0.8210705379342687 0.9711821397520813 , 0.22838153829418656 0.17419395048318406 
0.39938545961549504 0.7057574769107586 , 0.8196272887936983 0.9720936682193095 , 0.23766455392029412 0.17713048671464904 
0.3917760207616571 0.7018150391491821 , 0.8178025707720674 0.9727195525972093 , 0.24709871079576293 0.18044704009832574 
0.3843922290015457 0.6977583412997443 , 0.8156050040084009 0.9730629405613906 , 0.25668006931954085 0.18416034998358213 
0.3772311154715686 0.6935672830123992 , 0.8130421556095198 0.973126067143083 , 0.266404031248399 0.18828828168923487 
0.3702914136767218 0.6892213792011576 , 0.8101206511128609 0.9729103052382264 , 0.2762652375399046 0.19284994740533323 
0.3635735903704169 0.6846995875884129 , 0.8068462671550243 0.9724162000319185 , 0.2862574448040461 0.1978658442243858 
0.35707991870925904 0.679980130987706 , 0.8032240086359724 0.9716434889864767 , 0.29637337498425576 0.20335801187053446 
0.35081459806992193 0.6750403104020262 , 0.7992581729251796 0.9705911084023986 , 0.3066045313343856 0.2093502130402924 
0.34478392756568293 0.6698563052437162 , 0.7949524030760661 0.9692571870042506 , 0.31694097168773816 0.21586813959675036 
0.33899654354247377 0.6644029572490323 , 0.7903097315503106 0.9676390264847033 , 0.3273710272367028 0.2229396481109815 
0.33346373547277175 0.6586535351150034 , 0.7853326155669205 0.9657330684211991 , 0.33788095128979495 0.23059502830851475 
0.3281998601053753 0.6525794777684859 , 0.7800229648515599 0.9635348464230943 , 0.34845447737255203 0.238867307653137 
0.3232228810220633 0.6461501158911781 , 0.7743821622415038 0.9610389217307166 , 0.35907225906592005 0.24779259422282252 
0.3185550706552861 0.6393323745653179 , 0.7684110772713033 0.9582387997210413 , 0.36971115440289776 0.25741045755835795 
0.31422392536261545 0.6320904658850376 , 0.7621100724885823 0.9551268238123873 , 0.3803433044782894 0.26776434214729217 
0.31026336268789934 0.6243855912283982 , 0.7554790017809668 0.9516940420146522 , 0.390934937860621 0.27890199860166665 
0.3067152951262518 0.6161756923737356 , 0.748517199364873 0.9479300397202205 , 0.40144480783836234 0.29087589975076106 
0.30363170824870744 0.6074153254671353 , 0.7412234571885759 0.9438227301023638 , 0.41182213689220387 0.303743576275218 
0.3010774137052219 0.5980557939112147 , 0.7335959871668877 0.9393580904407145 , 0.42200390145737754 0.3175677474927879 
0.29913369648341537 0.5880457865802513 , 0.7256323626189439 0.9345198284882502 , 0.43191124322712776 0.3324160167762155 
0.29790311695705984 0.577332962760791 , 0.7173294300734734 0.9292889571683663 , 0.44144475529895383 0.3483597119155596 
0.2975157189055613 0.5658672647038326 , 0.7086831774935615 0.9236432478487018 , 0.4504784059303643 0.36547111929218257 
0.2981367214175886 0.5536073094653186 , 0.6996885367368558 0.9175565215167122 , 0.45885204417504266 0.3838178008626863 
0.2999751633659699 0.5405320978574059 , 0.6903390847713896 0.9109977229239362 , 0.46636305419212754 0.403451811063375 
0.30329134332974905 0.526661401201838 , 0.6806265869581001 0.9039297057157056 , 0.47275937204163787 0.42439052492717344 
0.30839726374766013 0.512088761063844 , 0.6705402931077691 0.8963076401015407 , 0.47773974547405773 0.44658523067933226 
0.31563787247440434 0.49702826854392823 , 0.6600658509668824 0.8880769481195898 , 0.48097357888820014 0.46987641518119905 
0.32533458984709435 0.48186404608661987 , 0.6491836476795815 0.8791706921503424 , 0.4821590648028111 0.49394689360775484 
0.337680662840356 0.4671653787623129 , 0.637866349252528 0.8695064021182108 , 0.4811302902366029 0.5183098509641934 
0.35262261173872467 0.4536124470837173 , 0.626075407972894 0.8589823795602809 , 0.4779792826178684 0.5423868052007189 
0.3698202931573482 0.44182725862831795 , 0.6137562943671396 0.8474733898282307 , 0.4731007148049991 0.5656809833881683 
0.3887450312677282 0.43221305280418076 , 0.6008319207740606 0.8348251628796554 , 0.4671003502876982 0.5879434161608809 
0.4088447022096678 0.42491531823715706 , 0.5871927707450151 0.8208464338902793 , 0.460639829374804 0.6092198797172805 
0.42965997317124827 0.419894176039731 , 0.5726803107554025 0.8052969193304057 , 0.45433701840283613 0.6297905364745802 
0.4508571844112256 0.41702421570197873 , 0.5570566633806588 0.7878706313893747 , 0.44876345453760247 0.6500867847533633 
0.47220937382367445 0.4161689095802214 , 0.5399468840160504 0.7681810183743978 , 0.44452104448976204 0.6706317038900976 
0.4935595597334611 0.4172227025283845 , 0.5207350042283815 0.7457939347013924 , 0.4423827383676443 0.6919649946149399 
0.5147804981352027 0.4201305761302682 , 0.49847358139812975 0.7205539677699242 , 0.4434232227961545 0.7142970879445244 
0.5357300109480463 0.4248891107845615 , 0.47257896467775196 0.6939525879243713 , 0.44836832670368865 0.736139933135784 
0.5562053334919269 0.4315106624807237 , 0.44517246040194486 0.6693593470996029 , 0.45529950843561506 0.7541116222643902 
0.5759492758644587 0.4399419714824937 , 0.4187125663529254 0.647422208937251 , 0.4620154601121027 0.7676174514249721 
0.5947261527401106 0.4500261686376866 , 0.3939916479514817 0.627342979015246 , 0.46795950163789446 0.7776124841917841 
0.6123837763972444 0.46154165233110633 , 0.3711262455996697 0.6085293643186663 , 0.47316728033257266 0.784910615194944 
0.6288610485386154 0.474262873069976 , 0.35002974060025455 0.5906778112977681 , 0.4777865131906169 0.7900409474769725 
0.6441603952837113 0.4879996025690362 , 0.33055038733628184 0.5736391697195004 , 0.4819665197094936 0.7933428595561801 
0.658314842636912 0.5026088821438363 , 0.31252249342969546 0.5573324577177029 , 0.48583996626287923 0.7950402919831775 
0.6713638448254147 0.5179911460271709 , 0.29578877994967834 0.5417047904161627 , 0.4895246775543937 0.7952856954013832 
0.6833390186994064 0.5340809962442542 , 0.2802092299657994 0.5267149708057478 , 0.49312905366428095 0.7941856647947146 
0.6942565957301419 0.5508378049683007 , 0.2656631675379805 0.5123272741425324 , 0.4967575390613644 0.7918165527338835 
0.7041134463201668 0.5682377109289203 , 0.2520482421839704 0.49850922093850597 , 0.5005156138253496 0.7882346999772905 
0.7128846011022769 0.5862669367056439 , 0.23927824933562367 0.48523078312065343 , 0.5045144518915863 0.7834839120184194 
0.7205211190912786 0.6049157539169335 , 0.22728070964011124 0.47246404503197303 , 0.508875473598097 0.7776018328958102 
0.7269477895471852 0.6241721985118184 , 0.21599459547024089 0.46018297177729 , 0.5137349173120608 0.7706264615556084 
0.7320606562661801 0.644014475574651 , 0.2053683312327323 0.44836317625599875 , 0.5192483148305744 0.762603980014067 
0.7357249408926267 0.6644007973356648 , 0.19535807532524763 0.43698166209544287 , 0.5255942861116124 0.7535991724136091 
0.7377748772603588 0.6852552518549883 , 0.18592624341384667 0.4260165497787721 , 0.5329761816552813 0.7437098302109564 
0.73801852544802 0.7064485716381029 , 0.1770402187615181 0.4154468060634289 , 0.5416185581199486 0.7330862541431848 
0.7362528480690156 0.7277742695930501 , 0.16867120008103148 0.40525200723350874 , 0.5517532541794398 0.7219553550181578 
0.7322961478712985 0.7489251158292853 , 0.1607931569092501 0.3954121790668 , 0.5635879975489383 0.7106443369486313 
0.7260426401457608 0.7694834286811997 , 0.153381897890404 0.38590776668002313 , 0.5772527642933221 0.6995904364834937 
0.7175310117825675 0.788947091854611 , 0.1464143052098323 0.37671978193776184 , 0.592731985337087 0.6893147580523437 
0.7069950564474214 0.8068067918938211 , 0.13986782680380433 0.3678301353423253 , 0.6098144190782612 0.6803447046085701 
0.6948529318114988 0.8226551284261754 , 0.13372030345723104 0.35922208075217166 , 0.628104067060757 0.6731044226663694 
