0.7792650939106948 0.209782510038666 , 0.7942844854071988 0.49948520355684 , 0.36661521201938396 0.5551164570193456 
0.7811860304342938 0.22319821277106075 , 0.8024734965074023 0.48969534498459133 , 0.35650526439558133 0.5514906128591995 
0.7829376154610054 0.23796153909742288 , 0.8101163665817923 0.4788225301722272 , 0.3471108092944798 0.5476001013452015 
0.7845690876304994 0.25425339056955265 , 0.8171862565742687 0.46667635595333995 , 0.3384094471325094 0.543454424091959 
0.7861637080543312 0.2723228088725728 , 0.8236167358144328 0.45299851128064755 , 0.33038434746851336 0.5390628504616313 
0.7878699432371243 0.2925185086780444 , 0.8292714848469835 0.43743083807401606 , 0.3230233632531696 0.5344348238627912 
0.789969738886723 0.3153226668021134 , 0.8338768005951118 0.41948104755471655 , 0.31631825185544277 0.5295804562580217 
0.7930275883434386 0.3413013279766134 , 0.8368733822078978 0.3985716732202473 , 0.3102638207859412 0.524511169417991 
0.7980927959423062 0.37046128338386763 , 0.837215334701648 0.3746823706475353 , 0.30485666069332334 0.5192405165834488 
0.8059691823660101 0.40006429988400843 , 0.834102739990821 0.3505349792357624 , 0.30009286898044646 0.5137848914950809 
0.8153477193197483 0.42649516041227176 , 0.8288519268740697 0.3297263970586539 , 0.29596514514345956 0.5081626131439261 
0.8248815953402924 0.44943826486180954 , 0.8228204132649254 0.31255479536703623 , 0.2924627827320598 0.5023911103860059 
0.8340430181437909 0.4696049535546899 , 0.8165479864121595 0.2982938193205911 , 0.2895737867813271 0.4964853977395707 
0.8426630603280985 0.48761792021404016 , 0.8102152784417502 0.2863083534269697 , 0.28728645256742885 0.49045789697384184 
0.8506970542904514 0.5039139154700943 , 0.8038775046640242 0.2761515576158737 , 0.285590232382802 0.4843186975288836 
0.8581438691771966 0.5187950585402499 , 0.7975447332115817 0.26751321584103854 , 0.28447618894849924 0.4780758962335632 
0.865017637962321 0.5324754273682818 , 0.7912099193958602 0.26017283214542875 , 0.2839372339790964 0.47173591110114105 
0.8713371734435948 0.5451112780690235 , 0.7848593573100854 0.2539691485357414 , 0.2839682605835973 0.4653037440100868 
0.8771218047061383 0.5568198373428075 , 0.7784767570982163 0.24878114186350536 , 0.28456622953292293 0.4587831914085388 
0.8823897217711113 0.5676911457813361 , 0.7720448252096435 0.24451601585727745 , 0.2857302443565227 0.45217700897623814 
0.8871573559062115 0.5777957252371616 , 0.7655457980351523 0.24110140812322925 , 0.28746163739591374 0.44548703725446076 
0.89143920078743 0.587189688641137 , 0.7589615078679713 0.2384801874674676 , 0.2897640826818762 0.4387142945062471 
0.8952478204046282 0.5959182401578139 , 0.7522732218542137 0.23660688861375956 , 0.29264374907843554 0.43185904184327817 
0.8985939306797086 0.604018133011576 , 0.7454613533829412 0.23544521318320158 , 0.29610950727462776 0.4249208244200741 
0.9014865033191615 0.6115194337077798 , 0.7385050815951295 0.2349662455023463 , 0.3001732064229865 0.4178984914047256 
0.9039328683783142 0.6184468128804411 , 0.7313818823995567 0.23514716119595783 , 0.3048500405594066 0.41079019653845283 
0.9059388050672438 0.6248205054959599 , 0.7240669543884002 0.2359702846863581 , 0.3101590318816336 0.4035933804325338 
0.9075086165096218 0.6306570351842987 , 0.7165325062942703 0.23742240002297987 , 0.3161236685333854 0.39630473540757316 
0.9086451870918456 0.6359697670750352 , 0.708746853717155 0.23949424967329522 , 0.32277275052827703 0.38892015386652135 
0.9093500224107479 0.6407693338400902 , 0.7006732470380207 0.24218017439453512 , 0.3301415218885089 0.3814346623802265 
0.9096232724835477 0.6450639666859546 , 0.6922683137138296 0.24547785704936131 , 0.3382732051399003 0.3738423468795359 
0.9094637392739192 0.6488597544093425 , 0.6834799370966846 0.24938813436683166 , 0.34722111496667374 0.36613628183867764 
0.9088688700022123 0.6521608478878272 , 0.6742442943409495 0.25391482959438777 , 0.3570516269941159 0.3583084931326368 
0.9078347384039104 0.6549696236451508 , 0.6644816087486671 0.25906452494597487 , 0.36784844418470014 0.3503500220237262 
0.9063560174110415 0.6572868178850495 , 0.6540898835299023 0.26484610794540253 , 0.3797188903963339 0.34225124478439983 
0.9044259492002138 0.6591116413182994 , 0.6429353759596274 0.27126971796032323 , 0.39280346617743656 0.3340028113362293 
0.9020363231741044 0.6604418849973465 , 0.6308376720811703 0.27834419031614827 , 0.40729079608200297 0.32559809530135714 
0.899177481159904 0.6612740278655875 , 0.6175457103170809 0.28607066210856985 , 0.42344159986029273 0.3170394806406945 
0.8958383858630254 0.6616033566345295 , 0.6026992216132123 0.2944258109535181 , 0.44162718386103994 0.3083550030268043 
0.8920068216210906 0.6614241033785824 , 0.5857725874128898 0.3033149727541492 , 0.4623853823032972 0.29964509448212034 
0.8876698618871769 0.6607295780362705 , 0.5660425095024311 0.3124330250463971 , 0.4864524199476697 0.2912215675321843 
0.8828148518526846 0.659512150316443 , 0.5429350743302894 0.320881837588051 , 0.5144148651543036 0.283990182710358 
0.8774311715274891 0.6577624752288058 , 0.5179932178709994 0.3268719647409825 , 0.5447404019387891 0.27974973064506353 
0.8715118000582494 0.6554666359091711 , 0.49515914830660757 0.32992610632091096 , 0.5734938429724207 0.2789914283847698 
0.865051998771548 0.6526027255714635 , 0.47566870106758563 0.331242279003812 , 0.5994440914981439 0.28053916603957635 
0.8580473852461483 0.6491400093810977 , 0.4591211278232135 0.3317056516203671 , 0.6229962782679157 0.283538509613387 
0.850493327161322 0.6450388070674316 , 0.44497152374837506 0.3317741966108414 , 0.6446999404275805 0.2875711669365788 
0.8423851433505984 0.6402499162953793 , 0.4327987703651975 0.33168841948934863 , 0.6649808776214816 0.2924458348301238 
0.8337187966828903 0.6347134250817346 , 0.4222998966730232 0.33158462395484845 , 0.684146097981364 0.29808612157826875 
0.8244920948271671 0.6283568985811582 , 0.4132564690230116 0.3315465948979997 , 0.7024162274870989 0.3044806771356938 
0.8147066207960552 0.6210929027101509 , 0.4055085841068447 0.33163004836495946 , 0.7199495864343777 0.3116612195397413 
0.8043708271701021 0.612815827175952 , 0.39893768918988104 0.3318750163349839 , 0.7368562749772943 0.31969332710391585 
0.7935050369846354 0.6033980675415873 , 0.3934555589902161 0.3323125695892849 , 0.753204195362426 0.3286735334839795 
0.7821495778039985 0.5926859583234002 , 0.38899727468513445 0.3329687057340604 , 0.7690179388481445 0.33872950655739104 
0.7703779790910777 0.580496742998239 , 0.3855168478420509 0.33386671750745933 , 0.7842699644041489 0.35002071010915337 
0.7583179167025309 0.5666200351934833 , 0.382984690692824 0.3350286643363625 , 0.7988621839419227 0.3627354710850059 
0.7461823200701372 0.5508319512433784 , 0.38138647589940755 0.3364762052979342 , 0.8125959953677329 0.3770760140735392 
0.7343078979711837 0.5329384054598714 , 0.38072310292561423 0.3382308017067225 , 0.8251337904404797 0.3932149634482579 
0.7231790464846923 0.5128707795468042 , 0.38101148057236184 0.34031306864634986 , 0.8359742642802236 0.41120032242169774 
0.7133758752042972 0.4908339774581564 , 0.3822855655512143 0.3427408698460871 , 0.8445033505817663 0.4308093233106083 
0.7053771992022354 0.4674084983929517 , 0.3845965748472804 0.34552586158972287 , 0.850191017287762 0.4514498106321772 
0.6993005041992528 0.44342688484802484 , 0.3880110741423909 0.34866899695785025 , 0.8528532129956341 0.4722882888089767 
0.69484016599807 0.4196571857731371 , 0.39260672687615994 0.3521566011767226 , 0.8527178984630479 0.4925703836649921 
0.691458564831424 0.39659483814343804 , 0.39846724937918815 0.35595844308908176 , 0.8502389771266657 0.511830889382332 
0.6886015104872188 0.37447820449762753 , 0.4056783544725467 0.3600276865520226 , 0.8458849263775123 0.5298782795652017 
0.6858016730246885 0.3533957513880126 , 0.41432523017763384 0.3643016033567776 , 0.8400378881349555 0.5466868158700617 
0.6826957952024697 0.3333767075830178 , 0.42449105578956325 0.3687020442556447 , 0.832977940345245 0.5623054187761894 
0.6790092539768553 0.3144439813490463 , 0.4362556810022954 0.37313516267476066 , 0.8248998563581272 0.576805026591045 
0.6745364613904447 0.29664089385994813 , 0.44969350748451414 0.37749030557574204 , 0.8159348224623192 0.5902529711791619 
0.6691267870902371 0.28004428544153537 , 0.4648695006411594 0.3816383255459222 , 0.8061685036058815 0.6027015596273946 
0.6626782703347468 0.26477114381556455 , 0.4818320252505846 0.38542998990380506 , 0.7956544957519466 0.6141830368954826 
0.65513943493594 0.25098134838330743 , 0.500600924414474 0.3886958589117148 , 0.7844244319868641 0.62470696331983 
0.6465190506787779 0.23887576644274466 , 0.5211492903651381 0.39125011622613665 , 0.7724964502933621 0.6342582879459709 
0.6369025249846303 0.2286861699424816 , 0.5433785257001905 0.3929021839925952 , 0.7598837406524573 0.6427958166797755 
0.6264701934159336 0.22065172902141134 , 0.5670899146547075 0.3934803931756428 , 0.7466046832666371 0.6502520484177982 
0.6155067471514076 0.2149787541149522 , 0.5919628420283608 0.39286867009254794 , 0.7326952021575097 0.6565367464073522 
0.6043862805998605 0.2117895799430635 , 0.6175569344958562 0.3910471462205046 , 0.7182215762415614 0.6615474444512842 
0.5935236572515106 0.21108112147063937 , 0.6433528792958269 0.3881147568197978 , 0.7032882547899407 0.6651882923244152 
0.5833048317173177 0.21271876170676898 , 0.6688263264111121 0.3842727051406883 , 0.6880336332088484 0.6673927037673951 
0.5740286037918301 0.21647234419136951 , 0.6935240850478964 0.37977265146880795 , 0.6726121024975517 0.668139174954675 
0.5658847030903932 0.22207286084595845 , 0.7171096438377732 0.3748596186342705 , 0.6571704444091119 0.6674516911346235 
0.5589659715901837 0.22926129431055645 , 0.7393686955513262 0.3697366262396084 , 0.6418301241957685 0.6653862500646877 
0.553295923613029 0.23781641101686973 , 0.7601880238343988 0.36455540757788496 , 0.6266808438898506 0.6620123520200978 
0.5488556746529145 0.24756419361118814 , 0.779525966065715 0.35942284928279805 , 0.6117831506186489 0.6573971277208663 
0.5456035701961813 0.2583769874739367 , 0.7973859107683184 0.3544124003616783 , 0.5971753103727785 0.6515947827792375 
0.5434871225612637 0.2701689302203986 , 0.8137967331531742 0.34957471733238293 , 0.5828809356228403 0.6446405230620711 
0.5424490025445255 0.28289134750062206 , 0.8287998953547728 0.344945786868909 , 0.5689158934379799 0.6365470362453216 
0.5424287847044894 0.29652979280666364 , 0.8424415845163455 0.3405525952637348 , 0.5552944221164434 0.6273017825444542 
0.5433613751248693 0.31110343750298414 , 0.8547682611554469 0.3364169316229374 , 0.5420351550569622 0.6168638014889312 
0.5451720842024672 0.3266671743274687 , 0.8658243976448189 0.332557900183977 , 0.5291683094899923 0.605159096103407 
0.5477670915523292 0.34331665669645683 , 0.8756516061437137 0.32899356259793067 , 0.5167460936412356 0.5920739513204653 
0.5510161708690317 0.3611959891090326 , 0.8842886772347829 0.32574196878254313 , 0.504859943233464 0.577446212723277 
0.5547212696084213 0.3805054720890182 , 0.8917722702762115 0.3228216905788918 , 0.4936712514526457 0.5610570079469428 
0.5585594136966641 0.40149817350995765 , 0.8981381273552957 0.32025183128067436 , 0.48346725028531873 0.5426341658242209 
0.5619864057299178 0.4244261827114402 , 0.9034227082615521 0.3180513218288872 , 0.4747556773458087 0.5219066660745255 
0.5641261389429493 0.4493301066035075 , 0.9076649607896787 0.3162371410021659 , 0.4683736916046507 0.4988169230091796 
0.5638707707301127 0.47555177463191545 , 0.9109073034785382 0.3148211288877869 , 0.46538671712862784 0.4740112670951507 
0.5606158098297315 0.5014575448627788 , 0.9131938459417318 0.3138060948111897 , 0.46635513556581554 0.4491205309408845 
0.5549017028571145 0.5254485905955365 , 0.914564746866603 0.3131842191033241 , 0.47069834161356133 0.42575136091599247 
0.5477469392384328 0.5469281341790772 , 0.91505042783099 0.3129396959615626 , 0.4773674242678561 0.4045163404742133 
0.5399397419447954 0.5659921507303518 , 0.9146694446615449 0.31305263601354505 , 0.4855556047309385 0.3853393838709563 
