0.45935886224014366 0.2492494402266049 , 0.3735579693774823 0.04940357481726443 , 0.7689750005636413 0.5532938983486476 
0.45431816231873406 0.2435727939192951 , 0.3775003466341365 0.05174977846544287 , 0.7700733232283967 0.556624341007779 
0.448976019956861 0.2366411608908807 , 0.38222247423936034 0.055867824979315826 , 0.7706933379850459 0.5594379275223205 
0.4432982894699418 0.2282607990235967 , 0.38774249257834476 0.061941097442956755 , 0.7708510501329807 0.5617450169259636 
0.43724504040922146 0.218163782460927 , 0.394085685326223 0.07022912404335205 , 0.7705611064458228 0.563554006888238 
0.4307784168674409 0.2059735892427284 , 0.40127663704561706 0.08110200597364996 , 0.7698367782682093 0.5648713181761387 
0.4238917173533935 0.19116347230414513 , 0.4093103113342652 0.09508218552194095 , 0.7686898034936086 0.5657012555664309 
0.4167141372233629 0.1730778970718145 , 0.41804771577746436 0.1128233331560504 , 0.76712997918044 0.5660456831646521 
0.4098479938890181 0.15146204384055523 , 0.4268795591351286 0.13458144738858308 , 0.7651642791571206 0.5659034221633787 
0.40475585370159717 0.1285363720081741 , 0.4343407994410678 0.15814114749866828 , 0.7627951790386024 0.5652693938856747 
0.4021758103523562 0.10816606825091796 , 0.43969717283424703 0.17964650632058132 , 0.7600188489946641 0.5641343388210178 
0.401539164793945 0.09138711551450918 , 0.4435270126768527 0.19807387859992184 , 0.7568256547104697 0.5624859192780861 
0.40226071120090234 0.07785781111431826 , 0.4464293003783751 0.21377948769604516 , 0.7532018206019899 0.5603096145821537 
0.4039730571843053 0.06710759083933782 , 0.44878832612142755 0.2272504166507066 , 0.7491304488755345 0.5575889059024727 
0.4064522954086806 0.05876729976609342 , 0.45084760114384426 0.2388745258596443 , 0.7445919356287425 0.5543050877667793 
0.4095562153386648 0.0525717732733172 , 0.45277158643855014 0.24893826098126506 , 0.7395640304040524 0.5504368791379348 
0.4131903299205555 0.048334458479836966 , 0.454679836719292 0.2576525748021167 , 0.7340216655414198 0.5459598801105635 
0.4172896464543017 0.04592636448887884 , 0.4566655810365069 0.2651746828571711 , 0.7279366046904586 0.5408458660464672 
0.4218085458474646 0.04526188504003899 , 0.4588063676325033 0.27162314831729717 , 0.7212769187012993 0.5350618800351811 
0.4267149482814722 0.04628987319179158 , 0.46117061323152997 0.27708798428607506 , 0.7140062706682649 0.5285690559146506 
0.4319868773642961 0.048988423032907485 , 0.4638219856813689 0.28163742320357404 , 0.7060829691356021 0.5213210671560358 
0.43761047162408734 0.053362385580269844 , 0.4668226372720463 0.2853224858943087 , 0.6974587232851335 0.5132620419179388 
0.44357896673125197 0.0594431400913996 , 0.4702358636159489 0.28818007607725477 , 0.6880770018340663 0.5043236972238629 
0.449892439552203 0.06729054511890749 , 0.4741285382083943 0.29023506752564626 , 0.6778708544206699 0.49442130074796353 
0.45655829283133453 0.07699738571058053 , 0.47857354126589025 0.29150170643489515 , 0.6667599980840424 0.4834478212470416 
0.46359264732660066 0.08869711959633787 , 0.4836522771938458 0.29198460389329867 , 0.6546469076608207 0.47126518990288074 
0.47102308101281143 0.10257645290445137 , 0.48945713616050435 0.29167967111730686 , 0.6414116150079513 0.4576907893707591 
0.47889365731791905 0.11889546907928099 , 0.49609310205935137 0.2905756829746495 , 0.6269050728039967 0.4424757613385869 
0.48727422756016087 0.13801997964013343 , 0.5036757465229386 0.2886581556794983 , 0.6109418580981676 0.4252687780728856 
0.4962782603250575 0.1604733171522465 , 0.5123167048738885 0.2859202167846304 , 0.5932968669823211 0.4055533794556404 
0.5060979906242623 0.18701375073052148 , 0.5220680283022772 0.2823947186222767 , 0.5737258132547276 0.3825384440397191 
0.5170682719561558 0.21870846090220442 , 0.5327368438350213 0.27825498026162043 , 0.5520867163900899 0.3549834722286924 
0.5296868118518206 0.2567292303626457 , 0.5433713279170882 0.2741386786610238 , 0.5288336924123581 0.3210790043688477 
0.5435282548155259 0.30019678511653425 , 0.5516812162268858 0.271795498157366 , 0.5066823611388552 0.279954630118617 
0.5552022993769403 0.33957357826323653 , 0.5558876020727398 0.27257097413209364 , 0.4908019307315869 0.2398023609971871 
0.5651944922910733 0.37244245168660245 , 0.5566189143879247 0.27545810848282243 , 0.48007842550226903 0.20404635322309245 
0.573997210742211 0.40001482056904114 , 0.5551429623714845 0.27955885090649685 , 0.4727516590675715 0.1723732419169793 
0.5817957866654778 0.42333849710113414 , 0.552415151086126 0.2844775839415542 , 0.4676808944296631 0.14413083234982896 
0.5886773956576054 0.4431390068518137 , 0.5490521490326459 0.2900675288735409 , 0.4641622874910158 0.11874037766716272 
0.5946904713008473 0.45991566551703145 , 0.5454492996625434 0.29628972551085736 , 0.4617520612178764 0.09574152236462855 
0.5998619067817826 0.4740164698867368 , 0.5418695352646858 0.30315531112267907 , 0.46016039013479865 0.07477513238310145 
0.6042026263607618 0.4856848110465271 , 0.5384978957191137 0.31070251276055516 , 0.4591913101013916 0.05555958958543507 
0.6077091577234794 0.4950878183434463 , 0.5354744644324834 0.31898781863739595 , 0.45870821002530426 0.037871276411675134 
0.6103632132597258 0.5023332832798009 , 0.5329152588977122 0.32808352415687464 , 0.45861336002382913 0.021530105955841893 
0.6121296721397046 0.5074791110425456 , 0.5309268337563666 0.3380787359082002 , 0.4588353262851959 0.006389066441771531 
0.6129526752791413 0.5105373441265815 , 0.5296181894879398 0.3490828941661869 , 0.45932096741418604 -0.007673324900250975 
0.612748979791025 0.5114736219650221 , 0.5291126677293794 0.3612317971724548 , 0.4600301846608628 -0.020758505744959452 
0.6113969168470751 0.5102022340720823 , 0.5295625344406409 0.374696563811422 , 0.4609323808935512 -0.03295188449098692 
0.6087179839035839 0.5065769868003656 , 0.5311698388874693 0.3896957165117161 , 0.46200400939021413 -0.04432578991956413 
0.60444638751311 0.5003811985537451 , 0.534218613195874 0.40650733194776306 , 0.4632268314722832 -0.054941617108990544 
0.5981836035436231 0.4913375123573334 , 0.5391215941822843 0.4254607264804464 , 0.4645866344553598 -0.06485132544526225 
0.5893714472031819 0.4792423464739833 , 0.5464481603289311 0.4468029194355996 , 0.4660722246491542 -0.07409835251706524 
0.5775632595292333 0.46464170689766665 , 0.5566540661530528 0.47002314448200117 , 0.46767450649898107 -0.0827179379871502 
0.5637420460516331 0.45024364839183484 , 0.568764394046686 0.4924402844788508 , 0.46938539208294805 -0.090737019478168 
0.5502581056507846 0.4388240615772282 , 0.5804371780149549 0.5112978586904191 , 0.4711965485155277 -0.09817500687512969 
0.5381957746537953 0.4306119373853826 , 0.5905970534695174 0.5263815554270107 , 0.4730990040579544 -0.10504657941987576 
0.5277089697421761 0.42502716203412866 , 0.5990992325741259 0.5382838880904113 , 0.47508362986496516 -0.11136413673202242 
0.5187201773265756 0.42154393959851155 , 0.606030011849505 0.5475419497407351 , 0.4771416430051866 -0.11713897594672917 
0.5111303697811197 0.41979105297189856 , 0.611496537761245 0.5545376128366492 , 0.4792649246389024 -0.12238175241603022 
0.5048643470938506 0.4195188872403169 , 0.6155812939670239 0.5595306507948216 , 0.48144619112039255 -0.12710262464262093 
0.49987739434601086 0.42056372962997696 , 0.6183353682276168 0.5626944490171754 , 0.48367906960763934 -0.13131126525463474 
0.4961545940684675 0.42282394255740097 , 0.6197791240173977 0.5641397881908177 , 0.4859581140954019 -0.135016817355701 
0.49371038940922535 0.42624581306734505 , 0.6199026580096634 0.5639289310946111 , 0.4882787847623784 -0.1382278307694385 
0.4925905041506128 0.4308161511639548 , 0.6186639233286609 0.5620829543251686 , 0.4906374047019934 -0.14095219209660584 
0.4928773607182236 0.4365598549504382 , 0.6159833695067415 0.5585841107151287 , 0.49303110195630206 -0.14319705227304932 
0.4947005242933782 0.4435415766938726 , 0.6117335679512711 0.5533740862541233 , 0.4954577399366178 -0.14496874955547837 
0.4982547120275328 0.45187082502458914 , 0.60572128557329 0.5463488100895961 , 0.49791583458044425 -0.14627272172166766 
0.5038287625551015 0.4617077631097386 , 0.597658619245468 0.5373525473279662 , 0.5004044503806976 -0.14711339704518725 
0.5118442023684558 0.4732548886813729 , 0.5871245730039222 0.5261860727647842 , 0.502923056808889 -0.14749404805363953 
0.5228553697714 0.4866612364619251 , 0.5735651569244289 0.5127022623300648 , 0.5054713054854382 -0.14741658539947228 
0.5371849347468338 0.5015355943818003 , 0.556658250334455 0.49729259143081334 , 0.5080486470999782 -0.14688127242009597 
0.5533410241012106 0.5157808070884802 , 0.5378971311413905 0.4820525346273817 , 0.510653676938666 -0.14588642832334411 
0.5682101374044743 0.5270268208936355 , 0.5203982611570586 0.4693486253161348 , 0.5132834336197342 -0.14442853281725257 
0.5806110153320225 0.5351037030014808 , 0.505347283051397 0.45934614781858246 , 0.5159335337978475 -0.14250293742754552 
0.5905885090730827 0.5405532138588848 , 0.49270448764180935 0.45149805994864795 , 0.518598835466375 -0.140104360415015 
0.5983992575648845 0.543845549157718 , 0.48221864156560423 0.4453283597762663 , 0.5212739330507783 -0.13722699554146658 
0.604266556109321 0.5453046594441866 , 0.4736718290540145 0.44050669563055334 , 0.5239534470179315 -0.13386444168222217 
0.608349152727172 0.5451454324026392 , 0.466910487912137 0.4368110389984734 , 0.5266321915419578 -0.13000955800859484 
0.6107480724000934 0.543508003584054 , 0.46183848613063416 0.43409319086861453 , 0.5293052736505393 -0.1256542810601507 
0.6115158316393998 0.5404795143122069 , 0.4584078480933157 0.43225681318812775 , 0.5319681524485513 -0.12078941410781674 
0.6106618553865385 0.536106671623003 , 0.45661330306543413 0.4312446304437619 , 0.5346166737292942 -0.11540438867424688 
0.60815328939927 0.5304022225166692 , 0.456491455030788 0.43103168354227833 , 0.5372470877512089 -0.10948699266642953 
0.6039108104158517 0.5233471211118843 , 0.4581249692320291 0.43162284810491935 , 0.5398560525333861 -0.1030230558242856 
0.5977982825922042 0.5148892609042812 , 0.46165293027485677 0.43305373239980305 , 0.5424406193142058 -0.09599607991156613 
0.5896040289857541 0.5049394727473081 , 0.4672896149649619 0.43539423882055045 , 0.5449981882305508 -0.08838679817534033 
0.579011470488176 0.49336746550319927 , 0.4753539553687271 0.4387520953331292 , 0.5475264063243637 -0.08017264744381022 
0.5655669573686846 0.4800118068736677 , 0.4863019276014316 0.44326224876037773 , 0.5500229472111506 -0.07132714224152711 
0.5487284936837893 0.46477368366343846 , 0.5006782963252537 0.44899240192262546 , 0.5524850421722237 -0.06181917219354559 
0.5284780158724739 0.4480722087284865 , 0.5185053162484882 0.4554870664090332 , 0.5549085000603047 -0.051612361745001334 
0.507272824340066 0.4317192919128595 , 0.5373331110030656 0.4608925627308621 , 0.557285896838135 -0.040664941251203256 
0.48847007013178745 0.4172425391991146 , 0.5538170709817092 0.4636348557885087 , 0.55960469106777 -0.028930481595104925 
0.47284414898698046 0.40451989155343615 , 0.5672005451070005 0.46378490143631224 , 0.5618471380872857 -0.01635787959722998 
0.460133114662901 0.3930746410576559 , 0.5777679079477799 0.4617620745696202 , 0.5639908095705857 -0.002889802234757705 
0.44999863864561557 0.38252365244795494 , 0.5858846904254438 0.4578836094117927 , 0.5660085031102072 0.011539651532770817 
0.4421973718863322 0.372593306404439 , 0.5918269862322372 0.45234561966716424 , 0.5678674740626972 0.02700798732091525 
0.43658482649790065 0.3630840489225327 , 0.5957790487611607 0.4452544724930774 , 0.5695279569222051 0.043608391976908356 
0.4331000209961542 0.3538425629599644 , 0.5978510604848806 0.4366488909785893 , 0.5709407507002318 0.06145545945396483 
0.43175608830143763 0.34474351979786677 , 0.5980923769287582 0.42650981446274333 , 0.5720433669510707 0.08069357913190839 
0.4326405049903166 0.33567729426596427 , 0.5964975710455341 0.41475987088331656 , 0.5727537561454158 0.10150974824323769 
0.43592673715616487 0.3265408933973497 , 0.5930054489195213 0.40125200406145795 , 0.5729596461055803 0.12415401593371089 
0.4419018660056071 0.3172305660330323 , 0.5874906362380262 0.3857427340562924 , 0.5724993299376331 0.1489736133031939 
