0.45951564621788576 0.4130487541457407 , 0.8255649472518625 0.8889783141270482 , 0.42138603948754616 0.11345343490755211 
0.47342759252388533 0.4172696367944931 , 0.817551063065673 0.9002244233917558 , 0.41548797736773607 0.09798644299409213 
0.48734976335703567 0.42089703773703663 , 0.8093243404597313 0.9111394989271713 , 0.40979252914052744 0.08344396651613317 
0.5012591225494898 0.42403633156774184 , 0.8008941909787031 0.9217170729126076 , 0.40431331942910154 0.06972709869999164 
0.5151390725216212 0.42677647143071007 , 0.7922707666776733 0.9319507274732443 , 0.39905679375799996 0.05675330427638677 
0.528976869966208 0.4291931481098929 , 0.7834649793803391 0.9418343113288506 , 0.39402478361074733 0.04445304374159753 
0.5427620206782215 0.4313511855508639 , 0.7744884778101673 0.951362135310068 , 0.3892161344689056 0.03276718231940928 
0.5564852847553021 0.4333063625872761 , 0.7653535889739941 0.9605291433965737 , 0.38462775922799824 0.0216449971964913 
0.5701380711932668 0.43510681177570804 , 0.7560732302297575 0.9693310563000536 , 0.38025533153427016 0.01104263510457949 
0.5837120853908442 0.4367941094980815 , 0.7466607986651567 0.9777644853450396 , 0.37609374890129355 0.0009219083372200114 
0.5971991425346381 0.4384041416936297 , 0.737130044535171 0.9858270154067835 , 0.3721374458874854 -0.0087506539200721 
0.6105910895820381 0.4399678067195525 , 0.727494935421151 0.9935172568271795 , 0.3683806079541053 -0.01800456036639086 
0.6238797970282985 0.4415115996831658 , 0.7177695174223246 1.000834867417333 , 0.36481731850667126 -0.026865963920157672 
0.6370571935440849 0.44305810984315686 , 0.707967779071131 1.0077805467487346 , 0.36144166034207853 -0.03535815341155025 
0.6501153245629665 0.44462645327749184 , 0.6981035228204762 1.01435600583883 , 0.3582477855738516 -0.04350195593598041 
0.6630464214995627 0.44623265614674834 , 0.6881902479556306 1.0205639159891635 , 0.355229963502101 -0.051316068955570435 
0.6758429723541131 0.4478899989332178 , 0.6782410477198113 1.02640784090905 , 0.35238261288336986 -0.05881733666192639 
0.6884977875055841 0.44960932854495345 , 0.6682685223921082 1.0318921563614403 , 0.3497003230596019 -0.06602098172605238 
0.7010040568034017 0.4513993427822087 , 0.6582847090882592 1.0370219614325065 , 0.3471778670656333 -0.07294080103437378 
0.7133553958139137 0.4532668500901003 , 0.648301028219072 1.0418029852013255 , 0.34481020892430847 -0.07958933211108446 
0.7255458803772672 0.45521700654284336 , 0.6383282458674573 1.046241492127282 , 0.34259250671256974 -0.08597799548978392 
0.7375700695674883 0.45725353144537545 , 0.6283764508431158 1.0503441889364853 , 0.3405201125466903 -0.09211721720151932 
0.7494230177907268 0.45937890266050124 , 0.6184550448379789 1.0541181352245943 , 0.3385885703285886 -0.09801653470475416 
0.7611002771620138 0.4615945326697704 , 0.6085727439182271 1.0575706594423777 , 0.3367936118770535 -0.10368468893180666 
0.7725978915208992 0.46390092637780744 , 0.5987375895259672 1.0607092814216776 , 0.3351311519104279 -0.10912970461914367 
0.7839123835262942 0.4662978217192117 , 0.5889569671985572 1.0635416421520927 , 0.33359728223244295 -0.11435896069096305 
0.7950407362497591 0.46878431418904365 , 0.5792376313195846 1.066075441142276 , 0.3321882653879506 -0.11937925215097818 
0.8059803705970023 0.4713589664708075 , 0.5695857343685853 1.06831838139648 , 0.33090052799170666 -0.12419684468694624 
0.8167291197557636 0.47401990436838526 , 0.5600068593163544 1.0702781218036908 , 0.32973065388517636 -0.12881752299173466 
0.8272852017149044 0.4767649002562652 , 0.550506054002943 1.07196223656669 , 0.328675377239447 -0.13324663364261397 
0.8376471907394788 0.479591445245881 , 0.5410878665239931 1.0733781811830998 , 0.32773157569382244 -0.13748912324863946 
0.847813988530343 0.4824968112278414 , 0.5317563808294853 1.0745332644205476 , 0.326896263597466 -0.14154957246804767 
0.8577847956513691 0.48547810389449625 , 0.522515251901868 1.0754346256944753 , 0.3261665854040571 -0.14543222640863032 
0.8675590836765528 0.48853230777924483 , 0.5133677400250102 1.0760892172513525 , 0.3255398092557313 -0.14914102185025613 
0.8771365683951277 0.4916563242726504 , 0.5043167437803947 1.0765037905748231 , 0.3250133207817719 -0.15267961166713223 
0.8865171843155774 0.49484700349466193 , 0.4953648315127182 1.076684886461397 , 0.3245846171289988 -0.15605138677571756 
0.8957010606284965 0.4981011708202736 , 0.4865142710947131 1.0766388282506638 , 0.32425130123408474 -0.159259495890596 
0.9046884987223233 0.5014156487752963 , 0.47776705789220875 1.0763717177386893 , 0.3240110763427624 -0.16230686333364414 
0.9134799512934094 0.5047872749414407 , 0.4691249408871128 1.0758894333492324 , 0.32386174077677216 -0.16519620511033153 
0.9220760030509687 0.5082129164369035 , 0.46058944696010024 1.0751976301834845 , 0.32380118294622545 -0.1679300434400464 
0.9304773529864026 0.5116894814709236 , 0.45216190336826384 1.0743017416136145 , 0.323827376602628 -0.17051071990419656 
0.9386847981537076 0.5152139284087581 , 0.4438434584776005 1.0732069821274695 , 0.3239383763259863 -0.17294040735588606 
0.9466992188916341 0.5187832727273467 , 0.43563510082757967 1.0719183511707069 , 0.32413231323808067 -0.17522112071771204 
0.9545215654076713 0.5223945921915168 , 0.42753767661658326 1.0704406377680797 , 0.3244073909330399 -0.1773547267792551 
0.9621528456376566 0.5260450305356762 , 0.4195519057039245 1.0687784257374728 , 0.3247618816157134 -0.17934295309280765 
0.9695941142918765 0.5297317998962235 , 0.4116783962274752 1.0669360993386343 , 0.3251941224379427 -0.18118739605451645 
0.9768464629981566 0.5334521822049839 , 0.4039176579365046 1.0649178492235265 , 0.32570251202263323 -0.182889528248169 
0.9839110114539603 0.5372035297234157 , 0.3962701143378574 1.0627276785770565 , 0.32628550716547666 -0.18445070512013073 
0.9907888995024157 0.5409832648707197 , 0.38873611375064154 1.060369409355892 , 0.32694161970423713 -0.18587217104627024 
0.9974812800510279 0.5447888794758886 , 0.38131593936060226 1.0578466885494056 , 0.32766941354566415 -0.18715506484495267 
1.0039893127562929 0.5486179335637663 , 0.3740098183606954 1.0551629944007868 , 0.3284675018403059 -0.1883004247842117 
1.010314158402236 0.5524680537679763 , 0.36681793025930504 1.0523216425382917 , 0.3293345442957532 -0.1893091931259266 
1.0164569739058673 0.5563369314487847 , 0.35974041443230026 1.0493257919766996 , 0.33026924461912666 -0.19018222024514297 
1.022418907887527 0.5602223205812802 , 0.3527773769898491 1.0461784509575653 , 0.33127034807991806 -0.19092026835850423 
1.0282010967489696 0.5641220354684002 , 0.3459288970237209 1.0428824826039842 , 0.3323366391846035 -0.19152401489204318 
1.0338046612067473 0.568033948324073 , 0.33919503229580117 1.0394406103715275 , 0.3334669394547457 -0.19199405551525914 
1.0392307032329282 0.5719559867638523 , 0.3325758244237681 1.0358554232819142 , 0.3346601053005979 -0.19233090686542523 
1.0444803033594143 0.5758861312337119 , 0.32607130361538017 1.0321293809300216 , 0.3359150259824996 -0.1925350089833922 
1.0495545183060604 0.579822412401968 , 0.3196814929986178 1.0282648182581111 , 0.33723062165261597 -0.19260672747973778 
1.0544543788964598 0.5837629085344724 , 0.3134064125910239 1.0242639500937918 , 0.33860584146981043 -0.1925463554479229 
1.0591808882286418 0.5877057428691307 , 0.30724608294799816 1.0201288754503393 , 0.3400396617806543 -0.19235411513912853 
1.063735020071018 0.5916490810023473 , 0.30120052852651297 1.0158615815896264 , 0.34153108435976315 -0.1920301594116321 
1.0681177174567558 0.5955911282970877 , 0.29526978079773164 1.011463947849172 , 0.3430791347028067 -0.19157457296591823 
1.0723298914523274 0.599530127319791 , 0.28945388113930365 1.0069377492357359 , 0.34468286036566304 -0.1909873733751855 
1.076372420078333 0.6034643553112988 , 0.2837528835356815 1.0022846597885298 , 0.3463413293432797 -0.1902685119194871 
1.0802461473628024 0.607392121695229 , 0.27816685711263245 0.9975062557155291 , 0.3480536284818593 -0.18941787423041653 
1.0839518825091012 0.6113117656257613 , 0.2726958885301901 0.9926040183065812 , 0.34981886191800277 -0.18843528075200083 
1.0874903991622713 0.6152216535755701 , 0.2673400842566003 0.9875793366270523 , 0.35163614953842254 -0.18732048702228074 
1.0908624347591878 0.6191201769636104 , 0.2620995727443392 0.9824335099956597 , 0.3535046254537672 -0.1860731837789285 
1.0940686899492842 0.6230057498215877 , 0.25697450652802156 0.9771677502499179 , 0.3554234364799884 -0.18469299689116397 
1.0971098280738294 0.6268768064972091 , 0.2519650642629494 0.9717831838023032 , 0.35739174062051543 -0.1831794871191707 
1.099986474692829 0.6307317993916884 , 0.24707145272218173 0.9662808534898252 , 0.35940870554228344 -0.181532149701172 
1.1026992171495928 0.6345691967284418 , 0.24229390876931609 0.9606617202191935 , 0.3614735070383852 -0.17975041376729367 
1.1052486041638578 0.638387480349451 , 0.2376327013236665 0.9549266644091943 , 0.36358532746976974 -0.17783364157830364 
1.1076351454451048 0.6421851435353686 , 0.23308813333419223 0.9490764872312429 , 0.365743354177997 -0.1757811275862699 
1.1098593113183544 0.6459606888450794 , 0.22866054377837888 0.9431119116483664 , 0.3679467778605608 -0.17359209731310415 
1.1119215323552893 0.6497126259701078 , 0.22435030970229997 0.9370335832520847 , 0.37019479089970475 -0.17126570604185096 
1.1138221990040267 0.6534394695989584 , 0.22015784831829593 0.9308420708958112 , 0.37248658563497145 -0.1688010373144279 
1.1155616612112647 0.6571397372861864 , 0.21608361917710775 0.9245378671224647 , 0.37482135256892174 -0.16619710122830933 
1.1171402280308584 0.6608119473207139 , 0.21212812643190135 0.9181213883829904 , 0.37719827849453447 -0.1634528325233626 
1.1185581672131413 0.6644546165876212 , 0.2082919212124331 0.9115929750413968 , 0.37961654453172 -0.16056708844867618 
1.1198157047695032 0.6680662584173468 , 0.20457560412865122 0.904952891160745 , 0.38207532405913996 -0.15753864639774995 
1.1209130245068775 0.6716453804159265 , 0.20097982792432556 0.8982013240632463 , 0.3845737805260915 -0.15436620129883102 
1.1218502675268585 0.6751904822695636 , 0.1975053003028749 0.8913383836562345 , 0.38711106512756127 -0.15104836274545638 
1.1226275316841938 0.6787000535164701 , 0.19415278694945204 0.8843641015142572 , 0.3896863143236487 -0.14758365185038563 
1.1232448709993506 0.6821725712785235 , 0.19092311477558785 0.8772784297058687 , 0.3922986471823561 -0.14397049780405058 
1.1237022950197522 0.68560649794485 , 0.187817175415338 0.870081239351879 , 0.3949471625222043 -0.14020723411638733 
1.1239997681241238 0.6890002787989672 , 0.1848359290049764 0.8627723188997972 , 0.3976309358281943 -0.13629209451842275 
1.1241372087641541 0.6923523395805823 , 0.18198040828190568 0.8553513720969879 , 0.4003490159112348 -0.13222320849722843 
1.1241144886373902 0.6956610839725448 , 0.1792517230426909 0.8478180156425916 , 0.40310042127721357 -0.1279985964347947 
1.123931431784915 0.6989248910027865 , 0.1766510650050696 0.8401717764955297 , 0.40588413616731017 -0.12361616431797452 
1.1235878136069148 0.7021421123503321 , 0.17417971312456437 0.8324120888128653 , 0.4086991062258156 -0.11907369798285569 
1.1230833597887133 0.7053110695436232 , 0.1718390394230734 0.824538290489405 , 0.411544233745508 -0.11436885685268643 
1.1224177451292257 0.7084300510384626 , 0.16963051539470828 0.816549619265627 , 0.41441837243336094 -0.10949916712374771 
1.1215905922630538 0.7114973091618215 , 0.16755571906340136 0.8084452083667868 , 0.4173203216308397 -0.10446201434826648 
1.1206014702665978 0.7145110569065719 , 0.16561634277767015 0.8002240816312947 , 0.42024881991302676 -0.09925463535752473 
1.1194498931375672 0.717469464560865 , 0.16381420184071388 0.791885148081134 , 0.4232025379790138 -0.09387410946165708 
1.1181353181361349 0.720370656154379 , 0.16215124408910825 0.7834271958811143 , 0.42618007073205166 -0.08831734885515145 
1.1166571439746618 0.7232127057019656 , 0.1606295605512197 0.7748488856270488 , 0.42917992843141334 -0.08258108814867254 
1.1150147088413802 0.7259936332233193 , 0.15925139733765215 0.76614874289543 , 0.43220052677826243 -0.07666187293840752 
1.1132072882416677 0.728711400515146 , 0.1580191689412681 0.757325149978764 , 0.43524017577435903 -0.07055604731356822 
