0.09203976405667025 0.7067068100849235 , 0.5387249070534903 0.7571656947271836 , 0.6048511731245612 0.09144342120781523 
0.09168723735853704 0.7129072907918514 , 0.5430003116259686 0.7610644033202711 , 0.6009282952502161 0.08134423190779977 
0.09187750457874064 0.719040114918189 , 0.5468438282991188 0.7647077575777254 , 0.5968945113568623 0.07156805352400808 
0.09260067958788336 0.7251030846259182 , 0.5502581205662768 0.7681063048365333 , 0.5927570440805617 0.06210653655747088 
0.09384891790070844 0.7310940895433576 , 0.5532444612281217 0.7712698396535094 , 0.5885224651058918 0.05295199682305537 
0.09561629707718765 0.7370110680346472 , 0.5558027687481234 0.7742074967875108 , 0.5841967784094109 0.04409736119776437 
0.09789873695776471 0.7428519712326597 , 0.5579316161331779 0.776927836218499 , 0.5797854911437793 0.03553611856876367 
0.10069395636407012 0.7486147282980627 , 0.5596282136102756 0.7794389221620599 , 0.5752936742603763 0.027262275559799733 
0.10400146463956979 0.7542972114493224 , 0.5608883650197733 0.781748397963582 , 0.5707260145753789 0.01927031660701803 
0.10782258801980933 0.759897199279153 , 0.5617063965450756 0.7838635587741616 , 0.5660868596698371 0.01155516796660782 
0.11216053244591666 0.7654123367279532 , 0.5620750550270416 0.7857914240333368 , 0.5613802567617637 0.004112165258632463 
0.11702048620612511 0.7708400898051836 , 0.5619853715439159 0.787538812036408 , 0.556609986484681 -0.0030629758216691345 
0.12240976786677871 0.7761776926983692 , 0.5614264840257381 0.7891124192870033 , 0.5517795923422052 -0.009974185965450029 
0.12833802753788875 0.781422084223947 , 0.5603854102227561 0.7905189079934611 , 0.5468924064740772 -0.016625066197485616 
0.13481751288417396 0.7865698295537772 , 0.5588467590913354 0.7917650060627697 , 0.5419515722592128 -0.023018909596624358 
0.14186341583692183 0.7916170216344726 , 0.5567923642069554 0.7928576254405638 , 0.5369600641908449 -0.029158721055113836 
0.14949432227630496 0.7965591544432878 , 0.5542008165747655 0.7938040069013346 , 0.5319207053836517 -0.0350472353246999 
0.15773279594557532 0.8013909567663092 , 0.5510468652794306 0.7946119028382007 , 0.5268361830097162 -0.04068693358458747 
0.1666061409551827 0.8061061698236152 , 0.5473006413728805 0.7952898149557875 , 0.5217090619066589 -0.04608005875948016 
0.1761474067329212 0.8106972435636347 , 0.5429266409465685 0.79584731227268 , 0.5165417965552325 -0.05122862981639214 
0.18639672895470202 0.8151549126066606 , 0.5378823736966417 0.7962954686921692 , 0.5113367415833785 -0.05613445527890714 
0.197403146206307 0.8194675896006539 , 0.5321165371104979 0.7966474826397327 , 0.5060961609179173 -0.06079914622046402 
0.2092271057970221 0.8236204734761583 , 0.5255665027648664 0.7969195815833937 , 0.5008222356728338 -0.06522412903962944 
0.22194399234163864 0.8275941974941273 , 0.5181547810586429 0.7971323869152194 , 0.49551707083444074 -0.0694106583894242 
0.2356492129840744 0.8313627053480587 , 0.5097839304706866 0.797313051417327 , 0.4901827007799613 -0.07335983074546314 
0.25046571123456696 0.8348897734991803 , 0.5003290393480532 0.7974987518028678 , 0.4848210936521022 -0.07707259928212547 
0.26655534688521315 0.8381230339220267 , 0.4896263427283204 0.7977426831322014 , 0.47943415462118877 -0.08054979103430548 
0.28413645002859184 0.8409831013955035 , 0.47745566607280104 0.7981249524797251 , 0.47402372813332944 -0.08379212785530603 
0.30351069642035333 0.8433424730500407 , 0.4635135483510239 0.7987737066129125 , 0.46859159946334517 -0.08680025364303066 
0.3250998655190335 0.8449817401690736 , 0.44737648217316933 0.7999089579731099 , 0.4631394965425195 -0.08957477212226096 
0.349463839565427 0.8454951016650706 , 0.42848290968265573 0.8019371273522276 , 0.45766909498663966 -0.09211630299737558 
0.3770743868192858 0.8441161550897626 , 0.40635942199341746 0.8056253415591841 , 0.4521820354220191 -0.09442557062902408 
0.40683035449410837 0.8398184355272358 , 0.3821055085303038 0.812001033487358 , 0.4466799812103102 -0.09650354299467125 
0.43455578949341594 0.8331190117717283 , 0.3598952820251532 0.820548488153007 , 0.44116477271615323 -0.09835157390481271 
0.45849841831328536 0.8256692621483679 , 0.3414788381687715 0.8296179648811292 , 0.43563858775266545 -0.09997130100957442 
0.47923280485756814 0.8182130813494056 , 0.32627915462224927 0.838467244721052 , 0.4301038847549049 -0.10136440005053514 
0.49750014694566314 0.8109670696694516 , 0.31355241246195914 0.8468813232268624 , 0.42456328482710004 -0.10253246687639145 
0.5138393088747655 0.8039790921476831 , 0.3027570443795705 0.8548138155705745 , 0.4190194909803863 -0.10347698169833511 
0.5286208024524531 0.7972459396920382 , 0.2935198020621579 0.862269287945313 , 0.41347523972011135 -0.10419930161742873 
0.5421040931498641 0.79074971121027 , 0.28557847893552807 0.8692668766209122 , 0.4079332721493302 -0.10470066181125989 
0.5544765707479039 0.78446959145719 , 0.27874295681593103 0.8758285134741759 , 0.4023963166708873 -0.10498217891144353 
0.5658776808382059 0.7783857228248005 , 0.27287108454860637 0.8819750576105797 , 0.39686707884790995 -0.10504485441545788 
0.5764139312723549 0.7724803657987894 , 0.2678536770870439 0.8877251376646784 , 0.3913482358753234 -0.10488957744354564 
0.5861684763625595 0.7667380976630009 , 0.263604933734213 0.8930949550283881 , 0.38584243413794966 -0.10451712667146679 
0.5952074303466955 0.7611456783380227 , 0.2600561249832901 0.8980984191350039 , 0.38035228890473655 -0.10392817145310437 
0.603584152244532 0.7556918185747822 , 0.2571513064447064 0.9027473796492645 , 0.3748803855454838 -0.10312327220412451 
0.6113422339720258 0.7503669388476731 , 0.25484432839994636 0.9070518672992846 , 0.36942928186275 -0.1021028801270355 
0.6185176350752407 0.7451629502454371 , 0.25309669789643524 0.9110203121238907 , 0.36400151126304625 -0.10086733634940562 
0.6251402405162682 0.7400730661603773 , 0.2518760171402966 0.9146597303923479 , 0.3585995865781575 -0.09941687053280304 
0.6312350186744318 0.7350916448992981 , 0.2511548211537231 0.9179758801156451 , 0.3532260044065674 -0.09775159899502109 
0.636822896032383 0.7302140603116896 , 0.2509096983157959 0.9209733880823531 , 0.3478832498865434 -0.09587152237412049 
0.6419214269094815 0.7254365968085543 , 0.25112061548267556 0.9236558520616265 , 0.3425738018425652 -0.09377652285025868 
0.6465453120762497 0.7207563653284029 , 0.2517703938891834 0.9260259216216813 , 0.33730013826928923 -0.09146636093016206 
0.6507068039258912 0.7161712373053274 , 0.25284429817422016 0.9280853605038021 , 0.33206474213461096 -0.0889406717892073 
0.6544160250033804 0.7116797942645192 , 0.25432971173407815 0.9298350929125321 , 0.32687010749726375 -0.08619896115712906 
0.6576812192226327 0.7072812912204267 , 0.2562158790661807 0.9312752355245697 , 0.3217187459459088 -0.08324060072507412 
0.6605089498706325 0.7029756325546802 , 0.2584937009874709 0.9324051165090488 , 0.3166131933766189 -0.08006482304380669 
0.6629042547622231 0.6987633595057597 , 0.2611555723378805 0.9332232823892479 , 0.3115560171346186 -0.07667071587508535 
0.6648707661888994 0.6946456488227869 , 0.2641952544912713 0.9337274931474836 , 0.3065498235545516 -0.07305721595034814 
0.6664108012800146 0.6906243225395738 , 0.26760777701296845 0.9339147055629914 , 0.3015972659417392 -0.06922310208264286 
0.6675254268488278 0.6867018692328001 , 0.2713893643407454 0.9337810443561392 , 0.29670105304514915 -0.06516698756901684 
0.6682145015781955 0.6828814775633812 , 0.27553738457518256 0.9333217602676719 , 0.2918639580813443 -0.060887311811130704 
0.6684766974033958 0.6791670833902974 , 0.28005031845360817 0.932531173701105 , 0.28708882837771843 -0.05638233107148003 
0.6683095010915235 0.6755634323252993 , 0.2849277474301648 0.9314026019657158 , 0.2823785957130341 -0.051650108271092565 
0.6677091962336779 0.6720761603088184 , 0.29017036055724965 0.9299282674328119 , 0.2777362874437949 -0.04668850172170792 
0.6666708251022052 0.6687118956908903 , 0.2957799806160764 0.9280991830000684 , 0.27316503851644075 -0.041495152671036366 
0.6651881290278682 0.6654783874773544 , 0.30175961072903806 0.9259050100661075 , 0.26866810447781614 -0.036067471523539577 
0.6632534650656833 0.6623846659665983 , 0.30811350355918976 0.9233338826344416 , 0.26424887560984933 -0.03040262258111761 
0.660857695679992 0.6594412441230896 , 0.31484725622593795 0.9203721890248615 , 0.2599108923287925 -0.024497507128028805 
0.6579900469116472 0.656660370958256 , 0.3219679353186225 0.9170042997240154 , 0.2556578620044527 -0.01834874466234917 
0.6546379288943682 0.6540563522890006 , 0.3294842379702937 0.9132122257834883 , 0.2514936773700605 -0.011952652052566532 
0.6507867105353752 0.6516459600895022 , 0.33740669699151277 0.9089751863036085 , 0.2474224367078345 -0.005305220373188304 
0.6464194375022628 0.649448960133796 , 0.34574794072516574 0.9042690550350481 , 0.24344846600729392 0.0015979108510783381 
0.6415164791582543 0.6474888001652859 , 0.35452302177614886 0.8990656435703294 , 0.2395763433003194 0.008761482284307162 
0.6360550855305342 0.6457935197388692 , 0.3637498333295787 0.8933317596743015 , 0.23581092537460957 0.016190646606751714 
0.6300088295941907 0.6443969720194841 , 0.3734496375917627 0.887027950167143 , 0.2321573770487692 0.0238910038332953 
0.6233469031873471 0.6433404937763628 , 0.3836477379002542 0.8801067918514663 , 0.22862120314712128 0.031868640392093195 
0.6160332277365368 0.6426752341233646 , 0.39437433327446464 0.8725105197542901 , 0.2252082832237211 0.0401301721422677 
0.60802533740681 0.6424654759345367 , 0.40566559790094797 0.8641676587690111 , 0.22192490892696456 0.04868279131637453 
0.5992730039966173 0.6427934943171238 , 0.4175650166092861 0.8549881147085762 , 0.2187778236288191 0.05753431699422245 
0.5897166347751962 0.643766864728369 , 0.4301249459524394 0.84485581329512 , 0.21577426350708687 0.06669324799643346 
0.5792856912128883 0.6455297892638399 , 0.44340815443750864 0.8336173210160756 , 0.21292199858432553 0.07616881574000704 
0.5678980731031682 0.6482811723336409 , 0.45748839992616547 0.821063721622817 , 0.21022937120538884 0.08597103206346456 
0.5554636499020356 0.652304074863069 , 0.47244686625799454 0.8069011289694378 , 0.20770532807469247 0.09611072218741579 
0.5419025578588361 0.6580130520050712 , 0.48835384562065887 0.7907033504550083 , 0.20535944075522752 0.10659952355984298 
0.5272143999195467 0.6660188842686124 , 0.5051995332905032 0.7718472288550715 , 0.20320191102467267 0.1174498128962386 
0.5117160014035661 0.6771344409061015 , 0.5226562701112288 0.7495069954874044 , 0.20124357271992752 0.12867448962641662 
0.4966729607096688 0.6918416434580134 , 0.5394469110952773 0.7231877797742492 , 0.19949597242977624 0.14028650278766006 
0.4844630268557455 0.7084943431950641 , 0.5531809875562379 0.694523467679363 , 0.19797182982273898 0.15229811514549552 
0.4759121168728721 0.7241615544201727 , 0.5630175054679841 0.6664337860410875 , 0.19668622189386617 0.16472058555866237 
0.4701299942304901 0.7377005428278236 , 0.5698281985859246 0.6400505700525837 , 0.19565765141830777 0.17756481313951528 
0.4662091626293771 0.7490876753176846 , 0.5744982813186212 0.6153863529037987 , 0.19490840028672418 0.1908418977984392 
0.4635531887455408 0.7585536585799352 , 0.5775979607133601 0.5921990052092895 , 0.1944646947758216 0.20456326223069782 
0.4617860233193803 0.7663335080787206 , 0.5794728752996178 0.5702419028893908 , 0.1943569456157244 0.21874051505181114 
0.4606620975175871 0.7726198850767605 , 0.580333652797183 0.5493108835227013 , 0.19462009391995244 0.2333851574204608 
0.46001293135099813 0.7775630621980427 , 0.5803088685401697 0.529244709897198 , 0.19529404434355457 0.2485081539246819 
0.45971707556960273 0.7812789598324344 , 0.5794746115312199 0.5099176144651351 , 0.1964241571338998 0.26411935172235307 
0.45968277201905633 0.7838567989472703 , 0.5778713110850726 0.49123241216884894 , 0.19806176113059346 0.28022671490380335 
0.45983750351009883 0.7853649628342871 , 0.5755137089520713 0.47311562974233695 , 0.20026463177255224 0.2968353334432985 
0.46012137420001287 0.7858551987820339 , 0.5723971211875403 0.4555145596869906 , 0.2030973488471693 0.31394616755089805 
0.46048268060022984 0.7853655241256003 , 0.5685017571438368 0.4383958973845626 , 0.2066314064906558 0.33155450450975965 
