0.12919956535635124 0.28179720086702575 , 0.9601527201747313 0.03754762566818304 , 0.8506679944335872 0.7801467141222052 
0.12520376022454846 0.288102414825273 , 0.9545493208315852 0.029260328635987126 , 0.8602671989085361 0.7821287971961538 
0.12143576984149489 0.29443870582152126 , 0.9488008932596156 0.0211796909192241 , 0.8697836168635592 0.7838731439166685 
0.11789315606518945 0.30080168265825047 , 0.9429127352637786 0.013304510775728886 , 0.8792143886357017 0.7853853472234346 
0.1145735657996827 0.3071871174358951 , 0.9368898927309892 0.005633598211335469 , 0.8885568214339978 0.7866708250101833 
0.11147472777496228 0.3135909329412378 , 0.9307371754844509 -0.0018342182411941995 , 0.8978083767052566 0.7877348259573702 
0.10859444945801143 0.3200091910132834 , 0.9244591721562417 -0.009100085716540737 , 0.9069666583504167 0.7885824353606712 
0.10593061409031879 0.3264380817867721 , 0.9180602641315424 -0.016165122051612028 , 0.9160294017428087 0.7892185809222538 
0.10348117784662483 0.3328739137248622 , 0.9115446386185314 -0.023030411544809767 , 0.9249944634995136 0.7896480384773614 
0.10124416710936372 0.3393131043623895 , 0.9049163008976311 -0.029697001338692155 , 0.9338598119576751 0.7898754376337166 
0.09921767585306003 0.34575217168970857 , 0.8981790858027292 -0.03616589833792659 , 0.9426235183088807 0.7899052673056319 
0.09739986313283328 0.35218772611462446 , 0.8913366684854298 -0.04243806658575752 , 0.9512837483464069 0.7897418811285469 
0.09578895067112629 0.35861646294648425 , 0.8843925745114648 -0.048514425032095465 , 0.9598387547820789 0.7893895027430251 
0.09438322053678534 0.3650351553522512 , 0.8773501893362556 -0.05439584563494118 , 0.9682868700916291 0.7888522309401039 
0.09318101291066558 0.3714406477394347 , 0.870212767204341 -0.06008315174435199 , 0.9766264998496634 0.7881340446623312 
0.09218072393200334 0.37782984952519594 , 0.8629834395150675 -0.06557711672467591 , 0.9848561165175992 0.7872388078568938 
0.09138080361987679 0.38419972925486723 , 0.8556652226946166 -0.070878462776447 , 0.9929742536501766 0.7861702741789937 
0.09077975386416125 0.3905473090365871 , 0.8482610256121734 -0.07598785992426163 , 1.0009795004883353 0.7849320915450885 
0.09037612648046986 0.39686965926181406 , 0.8407736565758396 -0.08090592514123518 , 1.0088704969083606 0.7835278065368351 
0.0901685213236484 0.4031638935841982 , 0.8332058299417981 -0.08563322158435636 , 1.0166459286992235 0.7819608686575721 
0.09015558445446223 0.4094271641316962 , 0.8255601723682452 -0.09017025791828509 , 1.0243045231419627 0.7802346344440028 
0.09033600635416948 0.4156566569289596 , 0.8178392287437402 -0.09451748770794308 , 1.0318450448667607 0.7783523714363974 
0.09070852018171645 0.4218495875089288 , 0.8100454678178852 -0.09867530886268067 , 1.0392662919650686 0.7763172620111657 
0.0912719000683148 0.4280031966942675 , 0.8021812875606362 -0.10264406311691707 , 1.046567092335719 0.7741324070800634 
0.09202495944416557 0.434114746530785 , 0.7942490202750667 -0.10642403553398674 , 1.053746300245438 0.7718008296606155 
0.09296654939207913 0.44018151635635366 , 0.7862509374870567 -0.11001545402151974 , 1.0608027930855344 0.7693254783225798 
0.0940955570227021 0.4462007989900387 , 0.7781892546341556 -0.11341848884807022 , 1.0677354683078124 0.7667092305154452 
0.09541090386600021 0.45216989702725074 , 0.7700661355747674 -0.11663325215191406 , 1.0745432405239024 0.763954895782077 
0.09691154427355875 0.4580861192277061 , 0.7618836969378295 -0.11965979743398815 , 1.0812250387532818 0.7610652188636957 
0.09859646382614781 0.46394677698386605 , 0.7536440123322948 -0.12249811902786327 , 1.0877798038062274 0.7580428827014108 
0.10046467774085678 0.4697491808583211 , 0.7453491164349831 -0.1251481515404475 , 1.09420648578883 0.75489051133954 
0.10251522927192933 0.47549063717931167 , 0.7370010089747305 -0.12760976925782752 , 1.10050404171801 0.7516106727359294 
0.10474718809922526 0.4811684446842359 , 0.728601658630242 -0.12988278551128385 , 1.1066714332352028 0.7482058814844614 
0.10715964869799635 0.48677989120160214 , 0.7201530068586334 -0.13196695199907996 , 1.1127076244080403 0.7446786014548913 
0.10975172868338856 0.4923222503624428 , 0.7116569716713341 -0.13386195806013504 , 1.1186115796099474 0.7410312483551057 
0.11252256712276948 0.49779277833273217 , 0.7031154513738117 -0.13556742989615897 , 1.124382261468089 0.7372661922208402 
0.11547132280862638 0.5031887105588428 , 0.6945303282854706 -0.13708292973926808 , 1.1300186288705731 0.7333857598378386 
0.11859717248438294 0.5085072585185537 , 0.6859034724560711 -0.1384079549625205 , 1.135519635024216 0.7293922371013801 
0.12189930901504005 0.5137456064705818 , 0.6772367453951116 -0.13954193713122298 , 1.1408842255545184 0.7252878713180545 
0.12537693949405432 0.5189009081960732 , 0.668532003830814 -0.14048424099327703 , 1.1461113366398017 0.7210748734546172 
0.12902928327732469 0.5239702837259518 , 0.659791103515658 -0.14123416340726233 , 1.1511998931716874 0.7167554203387239 
0.13285556993455921 0.5289508160485071 , 0.6510159030958168 -0.14179093220741035 , 1.156148806934294 0.7123316568163166 
0.13685503710763794 0.5338395477921084 , 0.6422082680623673 -0.14215370500511512 , 1.1609569747946649 0.7078056978704201 
0.14102692826487012 0.5386334778784798 , 0.6333700748027722 -0.14232156792717196 , 1.1656232768970278 0.7031796307061056 
0.1453704903392623 0.5433295581425647 , 0.6245032147718788 -0.14229353429154473 , 1.1701465748535291 0.6984555168063935 
0.14988497123806474 0.5479246899156687 , 0.6156095988025351 -0.14206854322215362 , 1.1745257099240705 0.6936353939638984 
0.15456961720994425 0.552415720569314 , 0.6066911615769066 -0.14164545820496505 , 1.1787595011778194 0.6887212782930645 
0.15942367005514047 0.5567994400180747 , 0.5977498662806817 -0.141023065588575 , 1.1828467436288481 0.6837151662279138 
0.16444636416289715 0.5610725771806264 , 0.5887877094635853 -0.14020007303352713 , 1.186786206338188 0.6786190365103142 
0.16963692335932148 0.5652317963993457 , 0.5798067261309862 -0.13917510791582546 , 1.1905766304743628 0.6734348521738932 
0.1749945575476109 0.5692736938200671 , 0.5708089950928784 -0.13794671569151462 , 1.194216727324181 0.6681645625288609 
0.1805184591213038 0.5731947937350818 , 0.561796644598148 -0.13651335823084365 , 1.1977051762452184 0.6628101051531753 
0.18620779912986055 0.5769915448941694 , 0.5527718582838026 -0.1348734121324393 , 1.201040622551007 0.6573734078956833 
0.19206172317447343 0.5806603167904396 , 0.5437368814707372 -0.13302516703013334 , 1.2042216753194597 0.6518563908971071 
0.19807934701054974 0.5841973959300655 , 0.5346940278396333 -0.13096682390766676 , 1.2072469051144872 0.6462609686350147 
0.20425975183182898 0.587598982097666 , 0.5256456865227264 -0.12869649343948564 , 1.2101148416101148 0.640589051999233 
0.21060197920960425 0.5908611846322069 , 0.51659432964942 -0.1262121943793128 , 1.2128239711056459 0.6348425504045193 
0.21710502565905274 0.5939800187318884 , 0.5075425203860486 -0.12351185202219832 , 1.2153727339195688 0.6290233739477233 
0.22376783680328094 0.596951401810673 , 0.498492921512464 -0.1205932967704008 , 1.2177595216489252 0.6231334356171413 
0.23058930110440903 0.5997711499339349 , 0.48944830458050986 -0.11745426283882221 , 1.2199826742797513 0.6171746535623008 
0.23756824312992778 0.6024349743663029 , 0.48041155970179217 -0.11409238714191339 , 1.2220404771329503 0.611148953433024 
0.24470341632174636 0.604938478271208 , 0.4713857060143866 -0.11050520841110034 , 1.2239311576285372 0.6050582707973059 
0.25199349523492326 0.6072771536090626 , 0.46237390288015473 -0.10669016659997865 , 1.2256528818495922 0.5989045536483295 
0.2594370672131765 0.6094463782895113 , 0.4533794618660488 -0.10264460264392446 , 1.227203750885445 0.5926897650118267 
0.26703262346907936 0.6114414136429401 , 0.44440585956402856 -0.0983657586515253 , 1.2285817969315624 0.5864158856659987 
0.27477854953858394 0.613257402287563 , 0.43545675130479755 -0.09385077861750624 , 1.229784979121289 0.5800849169873568 
0.28267311508244763 0.6148893664810613 , 0.4265359858202653 -0.0890967097607844 , 1.2308111790619576 0.5736988839371366 
0.29071446301160214 0.6163322070600995 , 0.41764762090815916 -0.0841005046071064 , 1.2316581960449093 0.5672598382044205 
0.2989005979199091 0.6175807030872161 , 0.40879594014919274 -0.07885902395358056 , 1.2323237418955688 0.560769861523778 
0.30722937381658855 0.6186295123427323 , 0.39998547072220797 -0.0733690408724776 , 1.2328054354258742 0.5542310691871588 
0.31569848116248883 0.6194731728195353 , 0.39122100235521323 -0.067627245934082 , 1.2331007964469687 0.5476456137719603 
0.3243054332300096 0.620106105400947 , 0.3825076074396048 -0.06163025385324086 , 1.2332072392950564 0.5410156891097074 
0.3330475518267638 0.6205226179263671 , 0.3738506623203136 -0.05537461179162387 , 1.2331220658175934 0.5343435345226704 
0.3419219524489825 0.6207169108758793 , 0.3652558697552654 -0.04885680957753443 , 1.232842457760423 0.5276314393590688 
0.35092552896343565 0.6206830849332864 , 0.3567292825123183 -0.042073292137228296 , 1.232365468488917 0.5208817478613555 
0.3600549379576525 0.6204151507166361 , 0.3482773280395231 -0.035020474465750136 , 1.2316880139674953 0.5140968644065277 
0.36930658294906527 0.6199070409955244 , 0.3399068341037512 -0.02769475950070032 , 1.2308068629118543 0.5072792591625895 
0.3786765987061822 0.6191526257442465 , 0.3316250552418936 -0.020092559298180115 , 1.2297186260165949 0.5004314742113473 
0.3881608360109929 0.6181457304077218 , 0.3234396998062649 -0.012210319945106404 , 1.228419744147413 0.4935561301947982 
0.3977548472836845 0.6168801577809648 , 0.31535895730976193 -0.0040445506742815395 , 1.2269064753712242 0.4866559335507303 
0.40745387360062757 0.615349713919941 , 0.30739152568493844 0.004408142324461638 , 1.2251748806791047 0.47973368441301095 
0.4172528337667065 0.6135482385082871 , 0.2995466379627887 0.01315101688535337 , 1.2232208082351756 0.4727922852637731 
0.4271463162554752 0.6114696400959254 , 0.2918340877503188 0.022187150122786277 , 1.2210398759588768 0.46583475043870193 
0.4371285750069625 0.6091079365961954 , 0.2842642527401268 0.031519387457789774 , 1.2186274522175815 0.4588642166034284 
0.4471935302741847 0.6064573013705913 , 0.2768481153203427 0.04115028494751233 , 1.2159786343701435 0.45188395433931 
0.4573347759353786 0.6035121151359273 , 0.2695972791709237 0.05108204452000175 , 1.2130882248583688 0.4448973810014845 
0.46754559493789816 0.6002670237877844 , 0.2625239805359451 0.06131644182750782 , 1.2099507044908278 0.4379080750421213 
0.47781898480769364 0.5967170020351983 , 0.2556410926573309 0.07185474659352704 , 1.2065602024996465 0.4309197920286882 
0.4881476954386237 0.5928574224726982 , 0.24896212165299234 0.08269763555206083 , 1.202910462873055 0.4239364826326545 
0.49852428165849727 0.5886841293647889 , 0.24250119193537356 0.09384509837184095 , 1.1989948063708 0.4169623129207838 
0.5089411733399105 0.58419351597349 , 0.23627301911362644 0.10529633733169708 , 1.194806087511134 0.4100016873522265 
0.5193907660660472 0.5793826037126703 , 0.2302928682280899 0.11704966197050096 , 1.1903366456705338 0.4030592749742424 
0.5298655355538702 0.5742491207589149 , 0.2245764951587942 0.1291023804752665 , 1.1855782492520064 0.3961400394232322 
0.5403581791571631 0.5687915769892203 , 0.21914006916419465 0.14145069018471293 , 1.180522031643313 0.3892492734834803 
0.5508617877987501 0.5630093312610863 , 0.21400007477868627 0.15408957025232217 , 1.1751584173872345 0.38239263914400506 
0.5613700516003662 0.5569026461209577 , 0.20917319176328691 0.1670126801979841 , 1.1694770366010176 0.37557621433847177 
0.5718775022891648 0.5504727240533668 , 0.20467615249304902 0.18021226872995816 , 1.163466625182457 0.3688065478740886 
0.5823797951844075 0.5437217184049757 , 0.20052557709472657 0.19367909777176798 , 1.1571149076855367 0.36209072448066987 
0.592874033265491 0.536652711177105 , 0.19673778781629397 0.20740238700000485 , 1.1504084588828858 0.3554364424803037 
0.6033591356038394 0.5292696490106596 , 0.19332860548524392 0.22136978429816323 , 1.1433325388755875 0.3488521073485907 
0.6138362524868277 0.5215772278946598 , 0.19031313242957823 0.23556736726860686 , 1.1358708950482648 0.3423469454941469 
