0.03816251376613178 0.622897538652981 , 0.12725552188203226 0.2945538678404883 , 0.49547035154146823 0.6909687064928431 
0.03797122681974044 0.6195211294402638 , 0.13877430037009456 0.29959967189321574 , 0.4841428599997973 0.6892993116528329 
0.03846590647367001 0.6154691641669581 , 0.150289680309508 0.305652964990329 , 0.4721328004064542 0.6872979838290253 
0.03970810286033094 0.6107360131845357 , 0.16177473576150142 0.31275499184809996 , 0.45940554856779986 0.6849291079536768 
0.04176894821284982 0.6053139926167533 , 0.1731991763141984 0.3209566884815008 , 0.445920262662584 0.6821494318880584 
0.044731995207497675 0.5991935236278358 , 0.18452787144010727 0.33032080844577005 , 0.43162852054202727 0.6789057809127067 
0.048697044350122606 0.5923635005295529 , 0.19571879934604866 0.3409247968239999 , 0.41647254349346097 0.6751318156327597 
0.05378543546705186 0.584812067676848 , 0.20672008720490476 0.35286473047180233 , 0.40038286451767563 0.6707433148376621 
0.060147548792665206 0.5765281982527367 , 0.2174655763658706 0.36626080477020256 , 0.38327526203109646 0.6656311099633733 
0.06797370843972372 0.5675048743369968 , 0.2278679063152565 0.3812650924252199 , 0.36504677243465206 0.6596501462240959 
0.07751041577559596 0.5577455618083668 , 0.23780723872326562 0.3980726438459401 , 0.3455707326907707 0.6526019073320057 
0.08908497970900257 0.5472777419151239 , 0.24711190549902243 0.41693734239635494 , 0.3246915019816073 0.6442050286748338 
0.10314297972289364 0.5361822946097153 , 0.2555231141859525 0.43819354191820165 , 0.30222229328078615 0.6340442764583957 
0.12030239078438587 0.5246602749849871 , 0.26262572509400606 0.4622793868965475 , 0.2779602713112404 0.621480451104778 
0.1414121708629676 0.5131905139773012 , 0.2677013293432039 0.4897259328172999 , 0.2517748869834608 0.6055036661917115 
0.16750106928783956 0.5028928224640802 , 0.2694116834192056 0.5208980879511268 , 0.2239756344825871 0.5846292025711056 
0.19902564396292197 0.4961174382046806 , 0.2654838905203824 0.554578244204764 , 0.19637885270632788 0.557724430576868 
0.23317736776025225 0.49559588124998594 , 0.2549219315287 0.5859788125528491 , 0.17278908790067998 0.5268454191834777 
0.26476844194528687 0.5003924907420213 , 0.24065386548022943 0.6117751612896686 , 0.15546607976411594 0.496252460954623 
0.29230979827059733 0.5082576961011634 , 0.22548642561633356 0.6322178220845056 , 0.1430921633027014 0.4679445948006438 
0.31616260280845343 0.5178826307379986 , 0.21071628263331024 0.648460987036621 , 0.1340095017478686 0.44207649521169334 
0.33691824139163556 0.528558126347059 , 0.19681773122520232 0.6614936908803303 , 0.1271524145727944 0.41836829575892365 
0.35507885587441096 0.5398781250110273 , 0.18393475554274585 0.6720254697158244 , 0.12187477577247546 0.39651651825946127 
0.3710315466105674 0.5515963759883366 , 0.172086824749396 0.6805552912733229 , 0.11777001582966888 0.37626844572465357 
0.3850708511883875 0.5635554016071822 , 0.16124823440318697 0.6874406869108108 , 0.11456930159805778 0.35742402446831995 
0.3974228008266088 0.5756495171164132 , 0.1513789692549637 0.6929450450744291 , 0.11208661710805977 0.3398255507954706 
0.408263317196313 0.5878046012379352 , 0.14243688390401832 0.6972679143295988 , 0.110188186089301 0.3233475974187789 
0.4177313124828779 0.5999664893842497 , 0.13438242810051743 0.7005644412990115 , 0.10877464660623697 0.30788918230305173 
0.42593790322465114 0.6120940117694658 , 0.12718030417041734 0.7029580992525957 , 0.10777017979456384 0.29336800196425156 
0.4329729346375225 0.62415464307064 , 0.12079984800811076 0.7045492448176596 , 0.10711560454399907 0.2797162250980135 
0.43890966253151964 0.636121678187109 , 0.11521489262204024 0.7054210282412947 , 0.10676383203607244 0.2668774065579093 
0.44380816439407894 0.6479723302112043 , 0.11040344342151535 0.7056435852355193 , 0.10667677937403804 0.25480419753958944 
0.4477178619835203 0.6596864013732375 , 0.10634730849448462 0.7052770872901971 , 0.10682321671162741 0.24345662432287826 
0.4506794128173476 0.6712453174776064 , 0.10303174435296936 0.7043740180859198 , 0.10717723001931541 0.23280077742278674 
0.45272614602770533 0.6826313956403469 , 0.10044514015810915 0.7029809164500314 , 0.10771710100381786 0.22280780089593477 
0.4538851640898303 0.6938272614277989 , 0.09857874644225523 0.701139747365925 , 0.10842447665754681 0.21345310419258914 
0.45417819603513865 0.704815359125199 , 0.09742644674913567 0.69888901261813 , 0.10928374440535803 0.20471574124298408 
0.4536222636600628 0.715577515570572 , 0.09698456731226301 0.6962646805965078 , 0.11028155621730655 0.1965779168192332 
0.4522302059751101 0.7260945280655774 , 0.09725171845671628 0.6933009940302775 , 0.11140646275780598 0.1890245908904582 
0.4500110962190476 0.7363457527564855 , 0.09822866063139564 0.6900312010425123 , 0.1126486303391891 0.1820431591873152 
0.4469705786492654 0.7463086729684055 , 0.0999181872034693 0.6864882465154701 , 0.11399962133689762 0.17562319350243719 
0.44311114809805974 0.755958428087455 , 0.10232501495138145 0.6827054558670188 , 0.11545222414019114 0.16975622903183915 
0.4384323934893713 0.7652672831896162 , 0.10545567121513362 0.6787172410497437 , 0.11700032248512741 0.16443558874695285 
0.43293122703107706 0.7742040179897357 , 0.10931836349181583 0.6745598583252898 , 0.11863879666673947 0.1596562366712874 
0.42660212385561064 0.7827332110221882 , 0.11392281235090719 0.6702722487465484 , 0.12036345098311456 0.15541465321757625 
0.41943740306032873 0.7908143914772436 , 0.11928002110143951 0.66589699495368 , 0.12217096302786416 0.1517087265553892 
0.4114275914281541 0.7984010271731901 , 0.12540194452677228 0.6614814313923093 , 0.12405885123470603 0.14853765442081354 
0.4025619271982335 0.8054393134996599 , 0.13230100255202906 0.6570789485622692 , 0.12602545743936985 0.14590185092438368 
0.392829085470122 0.8118667263686132 , 0.13998936056078543 0.652750533781204 , 0.12806994115872503 0.14380285283649563 
0.3822182424493226 0.8176103053135224 , 0.1484778629897296 0.6485665880417189 , 0.13019228175058026 0.14224321963107153 
0.37072064699310314 0.8225846467218005 , 0.15777445666376386 0.644609044858791 , 0.13239328353276547 0.14122642140572123 
0.3583319393954003 0.8266896225421828 , 0.16788187057706477 0.6409737815136118 , 0.13467457721716738 0.1407567089305181 
0.34505555200452803 0.8298079158109813 , 0.1787942265902683 0.6377732362457935 , 0.13703860859483613 0.14083896092953788 
0.3309076397829296 0.8318026132574926 , 0.19049214505602396 0.6351389938136486 , 0.13948860235067892 0.14147850591517147 
0.3159240964943518 0.8325153671177893 , 0.20293580517822035 0.6332238254880276 , 0.14202848551706027 0.14268092038049573 
0.3001702411268051 0.8317660989262355 , 0.21605539384508668 0.6322022010485677 , 0.14466275221774064 0.14445181301150922 
0.2837535410094385 0.8293559213602247 , 0.22973859558197363 0.6322675748216539 , 0.1473962505982203 0.14679661680443384 
0.2668389512435862 0.8250758459541143 , 0.2438155592443883 0.6336238393246978 , 0.15023387670165791 0.1497204277075003 
0.24966462999137987 0.8187245354428916 , 0.25804358557483126 0.6364676299532775 , 0.1531801716234213 0.15322794759014322 
0.23255263702701737 0.8101377812408838 , 0.2720969104296202 0.6409587267727549 , 0.15623883973299488 0.15732360497267367 
0.21590556170305314 0.7992287366978313 , 0.2855705902976988 0.6471794480011334 , 0.15941223518888045 0.16201192828734765 
0.20017916557890333 0.7860300697216482 , 0.2980083300364877 0.6550918221184632 , 0.16270089157424142 0.16729822114620094 
0.1858282102515384 0.7707202350762383 , 0.3089569996721689 0.6645103446175737 , 0.1661031772659252 0.17318953329250023 
0.17323838489278426 0.7536153407255632 , 0.31803487164038946 0.6751089196160337 , 0.16961513065645875 0.17969585264471544 
0.1626705998928169 0.7351228721841344 , 0.3249873195531662 0.6864658374804113 , 0.1732304677436494 0.18683140332176656 
0.15423978352447434 0.7156751023805875 , 0.329707913937965 0.6981290541361136 , 0.1769406897271931 0.19461595646961122 
0.1479302499468759 0.6956688152635545 , 0.3322229529691931 0.7096751575942103 , 0.1807351842735635 0.20307614012854744 
0.1436323189544441 0.675428029429345 , 0.3326548502534403 0.7207452518063856 , 0.18460121798174808 0.2122468317505816 
0.1411821431334643 0.6551906099283356 , 0.3311825071547307 0.731056702977378 , 0.18852373690143748 0.2221728000805986 
0.14039400666281857 0.6351106050586645 , 0.328009481910792 0.7403986738387258 , 0.19248489861602192 0.2329108340889218 
0.1410823499390634 0.6152672143571124 , 0.32334280262791326 0.7486202132716439 , 0.1964632346226558 0.24453268535755585 
0.14307523595284688 0.5956740074231173 , 0.317380881201574 0.7556168039058808 , 0.2004322700352116 0.25712930165731396 
0.146222357483113 0.5762847537878226 , 0.31030775104711933 0.7613182514663557 , 0.20435827865940015 0.27081710773213374 
0.15040067933793852 0.5569936756894729 , 0.3022911575198451 0.7656788334311324 , 0.20819655033184886 0.2857476038657067 
0.15552072716963233 0.5376279774469643 , 0.29348275096312354 0.7686696337588332 , 0.2118849090568766 0.3021225017805145 
0.16153732700215614 0.5179292241739571 , 0.2840192847620073 0.7702725828318461 , 0.21533177542546908 0.32021830598050877 
0.16847161642729205 0.4975178949536621 , 0.27402418301644255 0.7704755651640904 , 0.21839258774589793 0.3404266528685595 
0.1764593587643587 0.4758371862516239 , 0.2636091271273033 0.7692678158327231 , 0.22081990129797055 0.363315110901965 
0.18585577864227923 0.4521240571869082 , 0.2528754413964799 0.7666344600672493 , 0.22215716715087339 0.38966159573215453 
0.19736111400223624 0.4259076480039157 , 0.24191497059775363 0.7625480178298517 , 0.22161230258964262 0.41996444715254466 
0.2111816905349351 0.3999073495488304 , 0.23080961102909492 0.7569526297329712 , 0.21889708562560248 0.45156013370451054 
0.22557794066541872 0.3782018400799475 , 0.21963008382205726 0.7497413466190402 , 0.21568036270215651 0.4804769262873244 
0.23962797413962197 0.3606180834503165 , 0.20844433255790362 0.7407421021221775 , 0.21281608049210693 0.5070599274138181 
0.25316233180056463 0.3461931193503008 , 0.19733606202366247 0.7297003855475609 , 0.21038999336540545 0.5325266080884504 
0.2661837384364774 0.33422160456419164 , 0.18643503534321493 0.7162453543675089 , 0.20826961340994024 0.5579531540546115 
0.27872047781186804 0.32423552178293247 , 0.17598195658967572 0.6998428211747058 , 0.20618595278808885 0.5843417700286739 
0.29079532253538587 0.31591684207227555 , 0.166486666808425 0.6798042450030846 , 0.20360639784582177 0.612699025910952 
0.30241820166908834 0.30904215149427305 , 0.15904432374633456 0.6558324799230519 , 0.19942586177420976 0.6435454815689872 
0.3135827554588177 0.30345308974038443 , 0.15500448977011344 0.6303078255875548 , 0.19230114196070153 0.6746591976583729 
0.3242657550099268 0.29904164229872005 , 0.15367682807215985 0.6070449198561404 , 0.18294580410754596 0.7023335508314518 
0.3344336803388243 0.2957354106519731 , 0.15373682264260663 0.5865389141865917 , 0.17271788420820167 0.7261457881477474 
0.34404815317245624 0.293483202749979 , 0.15456308230658342 0.5680989924295685 , 0.16227715171059293 0.7468379178067647 
0.35306753372495914 0.2922466934896211 , 0.15592736006045363 0.5510852236373117 , 0.15189349340421984 0.7650881958593795 
0.36144680887185815 0.2919960974671094 , 0.15776092540682268 0.5350380987398881 , 0.14168065291095178 0.7813859167793149 
0.3691367645546908 0.29270779154498583 , 0.1600634848639986 0.5196334664257425 , 0.13168813777094324 0.7960788550155841 
0.3760827242022507 0.2943628623817655 , 0.1628685776159761 0.5046369189027053 , 0.12193708537140584 0.8094203317018416 
0.382222881610673 0.29694607161518105 , 0.1662301604943565 0.48987352135512136 , 0.1124353450846031 0.82160052001601 
0.38748614517564206 0.3004449411143202 , 0.17021791154160199 0.47520893706683753 , 0.10318433047238854 0.8327662348051548 
0.39178933077125394 0.30484871946893627 , 0.17491671247140336 0.4605378134050386 , 0.09418234394697532 0.8430335801123376 
0.395033455319585 0.3101469510020698 , 0.18042865350551343 0.4457769195382974 , 0.08542627836453419 0.8524962424459452 
0.3970987776592865 0.3163272208867171 , 0.18687708276441115 0.43086181144217073 , 0.07691252676593499 0.8612310806574246 
