0.5175376010237763 0.03833889638633725 , 0.15803269393834596 0.3578207549054827 , 0.9732145296447554 0.9842125068288146 
0.5212573995340619 0.052490541138679465 , 0.14511659983598552 0.35654583064854967 , 0.9824108252368303 0.9713357863334053 
0.5247068310575647 0.06697793786047772 , 0.13258639185590443 0.35507262522101724 , 0.9914916016934087 0.9583215950391395 
0.5278815159063935 0.08178659228800018 , 0.12044936817032441 0.3534158560103447 , 1.0004539405301598 0.9451697098222895 
0.5307786352153995 0.09690199743009831 , 0.1087115310828489 0.3515904659460122 , 1.0092946583086293 0.9318796947445239 
0.5333969306053357 0.11230971393183518 , 0.09737763690178387 0.34961152680730734 , 1.0180102570997582 0.9184509173814919 
0.5357367003100498 0.1279954361598755 , 0.08645124952919513 0.3474941498341176 , 1.0265968747676328 0.9048825721266414 
0.5377997926785941 0.14394504322335355 , 0.07593479637726616 0.3452534036423379 , 1.0350502355510174 0.8911737112549429 
0.5395895974630649 0.16014463419959 , 0.0658296254826704 0.34290423922676494 , 1.0433656016611423 0.8773232846942794 
0.5411110347234402 0.17658054686252742 , 0.056136062941519446 0.34046142167445276 , 1.051537726941918 0.8633301895836543 
0.5423705405230814 0.1932393592447432 , 0.046853470025205485 0.3379394681060513 , 1.0595608140585906 0.8491933307698399 
0.5433760478577799 0.21010787344214887 , 0.037980299556420655 0.33535259130624817 , 1.067428477192677 0.8349116933722374 
0.5441369604705727 0.22717308124401045 , 0.029514151321593282 0.33271464849141236 , 1.0751337128147116 0.8204844283852116 
0.5446641163822735 0.2444221114977581 , 0.02145182646860105 0.33003909468730075 , 1.082668881756003 0.8059109519355756 
0.544969737164557 0.2618421596605816 , 0.013789380984930358 0.3273389402468768 , 1.0900257064573904 0.791191058213176 
0.5450673582795532 0.27942040080722974 , 0.006522178469401373 0.32462671212270866 , 1.0971952878579232 0.7763250451906961 
0.5449717353244747 0.29714388849900353 , -0.0003550575022374337 0.3219144186147603 , 1.1041681467846405 0.7613138510068708 
0.5446987209058749 0.3149994433812816 , -0.006848191063976525 0.3192135174368852 , 1.1109342947649794 0.7461591973024678 
0.5442651073077723 0.3329735371163603 , -0.012963621427797875 0.31653488707724486 , 1.1174833387269034 0.7308637339270295 
0.5436884312976553 0.3510521791420139 , -0.018708229585748637 0.3138888015611465 , 1.1238046228949712 0.7154311774174743 
0.5429867394840111 0.369220815539353 , -0.024089324062713774 0.311284908849785 , 1.1298874091855806 0.6998664337314967 
0.5421783156528746 0.3874642506594378 , -0.029114585543141547 0.3087322132139958 , 1.135721094497145 0.6841756942472011 
0.5412813753615595 0.40576660268829234 , -0.03379201033988789 0.30623906199645196 , 1.1412954595852063 0.6683664934358905 
0.5403137374309912 0.42411130361569704 , -0.03812985284930735 0.303813137207211 , 1.1466009400251942 0.6524477172977268 
0.5392924862970268 0.44248115181479847 , -0.04213656733132949 0.30146145237671634 , 1.1516289056411808 0.63642955392912 
0.5382336427177427 0.460858421573324 , -0.045820749549432056 0.29919035501209135 , 1.1563719314385674 0.6203233815352195 
0.5371518623005253 0.4792250287175732 , -0.04919107898274875 0.29700553486783265 , 1.1608240412891015 0.604141594535229 
0.5360601810690239 0.49756274557823604 , -0.05225626245985382 0.29491203805925775 , 1.1649809059977079 0.587897374483141 
0.5349698245476608 0.51585345288502 , -0.05502498014249661 0.2929142868321123 , 1.1688399802017138 0.5716044184035025 
0.5338900918065573 0.5340794117524771 , -0.057505834795302586 0.2910161045761603 , 1.1724005675956233 0.5552766417919974 
0.5328283192905924 0.5522235365664818 , -0.05970730521063968 0.2892207454585111 , 1.1756638105269253 0.5389278760956419 
0.5317899221153217 0.5702696497290991 , -0.06163770452279729 0.28753092787666923 , 1.1786326070143536 0.5225715805148665 
0.5307785040041054 0.5882027017769077 , -0.06330514395757836 0.28594887080940945 , 1.1813114645603509 0.5062205855343177 
0.5297960221256435 0.6060089447813658 , -0.06471750234369807 0.28447633208526707 , 1.1837063048249326 0.489886881254002 
0.528842990325607 0.6236760522944591 , -0.06588240148455339 0.28311464759450766 , 1.1858242357658244 0.47358145823166814 
0.527918703709548 0.641193184483994 , -0.06680718727479085 0.2818647705337443 , 1.187673308172121 0.4573142031028967 
0.5270214688957531 0.6585510017352165 , -0.06749891626269583 0.2807273098800146 , 1.1892622719738208 0.4410938465054039 
0.5261488269326955 0.6757416333956358 , -0.06796434721738834 0.2797025674274147 , 1.190600344891571 0.4249279572975846 
0.5252977592108944 0.692758610344442 , -0.06820993716319769 0.27879057286857634 , 1.1916970025591815 0.40882297490761677 
0.5244648701127463 0.7095967707773531 , -0.06824184129087144 0.2779911165517112 , 1.1925617957850032 0.39278427079157086 
0.5236465432146107 0.7262521482788825 , -0.06806591614094724 0.2773037796812786 , 1.1932041975332146 0.376816230160474 
0.5228390703423741 0.7427218502390078 , -0.06768772547096398 0.27672796184985693 , 1.193633479735468 0.36092234603177037 
0.5220387546025101 0.7590039332791939 , -0.06711254825681735 0.2762629058871816 , 1.1938586182611852 0.34510531895425955 
0.5212419896967636 0.7750972808435778 , -0.06634538833154165 0.275907720088932 , 1.193888223241656 0.3293671571881253 
0.5204453184776924 0.7910014866681467 , -0.06539098522533082 0.2756613979439867 , 1.1937304913545166 0.3137092735085017 
0.5196454739385101 0.8067167465736724 , -0.06425382583335255 0.2755228355169793 , 1.1933931765017205 0.2981325760299835 
0.5188394057771557 0.8222437599871146 , -0.06293815659897622 0.2754908466660579 , 1.1928835754286986 0.2826375514674628 
0.5180242954379585 0.837583641789046 , -0.06144799595686274 0.2755641762868648 , 1.1922085251257823 0.2672243400447245 
0.5171975621985437 0.8527378444931427 , -0.05978714683145881 0.2757415117757889 , 1.191374409239793 0.25189280185170365 
0.5163568624954732 0.8677080903564298 , -0.05795920903113097 0.2760214929010151 , 1.1903871711425358 0.23664257486319032 
0.5155000843100679 0.8824963127599039 , -0.05596759141637928 0.2764027202609021 , 1.1892523317131896 0.22147312509982914 
0.5146253380904477 0.8971046060537445 , -0.05381552375258455 0.27688376249741886 , 1.187975010269015 0.20638378956947181 
0.5137309453798009 0.9115351829990679 , -0.05150606818409236 0.2774631624190453 , 1.1865599474111697 0.19137381270252202 
0.5128154260590079 0.9257903389339077 , -0.04904213028776108 0.27813944217363246 , 1.1850115288356315 0.17644237701309504 
0.5118774848936148 0.939872421825022 , -0.04642646968107172 0.2789111075978861 , 1.1833338093943353 0.1615886286977271 
0.5109159978974622 0.9537838074243044 , -0.04366171017317035 0.27977665185683986 , 1.1815305368825866 0.146811698839491 
0.5099299988832671 0.9675268788181747 , -0.040750349457394856 0.28073455847419676 , 1.1796051751810062 0.13211072082826386 
0.5089186664588946 0.981104009732767 , -0.037694768351468864 0.2817833038429055 , 1.1775609264994527 0.11748484454496277 
0.5078813116418167 0.9945175510319727 , -0.03449723959710044 0.28292135929486306 , 1.1754007525621621 0.10293324779379953 
0.5068173661986537 1.007769819916225 , -0.031159936234603645 0.28414719279921163 , 1.1731273946428284 0.0884551454051987 
0.5057263717676395 1.0208630913954906 , -0.02768493957070772 0.2854592703502884 , 1.1707433924099466 0.07404979637485655 
0.5046079697858541 1.0337995916693359 , -0.024074246759212214 0.2868560570988294 , 1.1682511015802364 0.05971650935247024 
0.5034618922172541 1.0465814930998794 , -0.02032977801481815 0.2883360182734531 , 1.1656527104044423 0.04545464674730308 
0.5022879530595551 1.0592109105100325 , -0.016453383480502695 0.2898976199336671 , 1.162950255027826 0.031263627676935954 
0.5010860405960024 1.0716898985800478 , -0.012446849768359526 0.29153932959057344 , 1.1601456337792355 0.017142929950014252 
0.49985611035052 1.084020450150506 , -0.008311906193020139 0.29325961672701056 , 1.1572406204493784 0.0030920912431189416 
0.49859817870049 1.0962044952700567 , -0.004050230715699421 0.29505695324498177 , 1.1542368766220876 -0.010889290394402869 
0.4973123170995826 1.1082439008520302 , 0.000336544384351576 0.2969298138648151 , 1.151135963122944 -0.024801556596209782 
0.49599864686294654 1.120140470826009 , 0.004846827095591275 0.2988766764975053 , 1.1479393506483404 -0.0386449892028789 
0.49465733446814203 1.1318959466890879 , 0.00947906050320621 0.3008960226090465 , 1.14464842963553 -0.05241981117749896 
0.493288587327075 1.1435120083773251 , 0.014231717848989085 0.30298633759322285 , 1.1412645194308142 -0.06612618784991256 
0.4918926499865635 1.1549902753911985 , 0.0191032978111877 0.30514611116723217 , 1.137788876809127 -0.0797642284377952 
0.4904698007178306 1.1663323081200876 , 0.024092319994950654 0.3073738378026326 , 1.134222703894097 -0.09333398780208477 
0.48902034845800674 1.1775396093202295 , 0.02919732062548039 0.3096680172023907 , 1.1305671555233912 -0.10683546840198466 
0.4875446300695379 1.188613625708499 , 0.03441684843744336 0.31202715483323207 , 1.126823346099897 -0.1202686224210955 
0.4860430078861461 1.1995557496409919 , 0.03974946075556757 0.3144497625210337 , 1.1229923559651647 -0.1336333540413901 
0.48451586751663517 1.2103673208509278 , 0.04519371976266793 0.31693435911561607 , 1.1190752373275752 -0.1469295218459084 
0.48296361588033837 1.2210496282250156 , 0.050748188952569655 0.31947947122998444 , 1.1150730197739702 -0.1601569413343646 
0.48138667945034874 1.2316039116012845 , 0.056411429766540115 0.3220836340578051 , 1.1109867153899895 -0.1733153875384542 
0.4797855026828521 1.242031363574589 , 0.06218199841288124 0.32474539227168076 , 1.1068173235111451 -0.18640459772563434 
0.4781605466128909 1.2523331312986625 , 0.06805844287026996 0.32746330100359117 , 1.1025658351237175 -0.19942427418161823 
0.4765122875987326 1.2625103182758015 , 0.07403930007625531 0.33023592690769166 , 1.0982332369318906 -0.2123740870628576 
0.47484121619870084 1.2725639861270837 , 0.08012309330302043 0.33306184930450133 , 1.0938205151051572 -0.2252536773109494 
0.4731478361658673 1.282495156337526 , 0.08630832972308972 0.33593966140437226 , 1.0893286587179214 -0.23806265962126255 
0.4714326635473982 1.2923048119718175 , 0.0925934981680985 0.33886797160700194 , 1.0847586628913817 -0.2508006254581836 
0.46969622587662013 1.301993899357268 , 0.09897706708404143 0.34184540487264714 , 1.0801115316462169 -0.2634671461092792 
0.4679390614470212 1.311563329731429 , 0.10545748268657015 0.3448706041596154 , 1.075388280473287 -0.2760617757704086 
0.4661617186584489 1.321013980852502 , 0.11203316731991982 0.3479422319215638 , 1.0705899386285096 -0.2885840546534299 
0.4643647554267132 1.330346698571173 , 0.11870251802290448 0.35105897165712935 , 1.0657175511572607 -0.30103351210766627 
0.46254873864866175 1.3395622983629352 , 0.12546390530513507 0.35421952950346375 , 1.0607721806530817 -0.31340966974576284 
0.46071424371557795 1.3486615668202846 , 0.1323156721361814 0.35742263586435824 , 1.055754908755119 -0.32571204456400676 
0.4588618540684589 1.357645263104426 , 0.13925613314982666 0.36066704706283326 , 1.0506668373885928 -0.33794015204662325 
0.45699216078937943 1.366514120356322 , 0.14628357406485548 0.3639515470073473 , 1.0455090897526436 -0.3500935092430333 
0.455105762223737 1.3752688470670562 , 0.15339625132298235 0.367274948860161 , 1.0402828110601592 -0.36217163780658124 
0.4532032636287125 1.3839101284075872 , 0.160592391943579 0.37063609669588865 , 1.0349891690345872 -0.3741740669828399 
0.451285276843775 1.3924386275180378 , 0.1678701935938088 0.3740338671378908 , 1.029629354169295 -0.3861003365352925 
0.4493524199795131 1.4008549867567115 , 0.17522782487164004 0.3774671709599203 , 1.0242045797557255 -0.39794999959599575 
0.4474053171214924 1.4091598289090561 , 0.18266342579800432 0.38093495464033683 , 1.018716081687382 -0.409722625428757 
0.4454445980462242 1.417353758356805 , 0.1901751085131121 0.38443620185625704 , 1.0131651180475423 -0.4214178020924262 
0.4434708979466854 1.4254373622075331 , 0.1977609581706535 0.38796993490521775 , 1.0075529684895397 -0.433035138992115 
0.4414848571651592 1.4334112113848607 , 0.20541903402232248 0.3915352160422933 , 1.001880933419397 -0.44457426930651817 
