0.6801180203800617 0.8003646737155296 , 0.17152916861775525 0.2878374565789472 , 0.2458384895868252 0.6784489515638974 
0.6780910800855051 0.7886114073578407 , 0.1781791655813152 0.29167145797214566 , 0.24121543291782185 0.6863682165283878 
0.675475860625595 0.7766151746549653 , 0.18505782174844665 0.296207475966333 , 0.23695199621060054 0.6938284312370758 
0.6722553257640822 0.7643885201657816 , 0.19215687028664902 0.30145068824893545 , 0.23307348253391094 0.7008118734436571 
0.6684116766797001 0.7519433891424135 , 0.19947022718611834 0.30740879419881445 , 0.22960377471882365 0.7072988985171462 
0.6639259278424248 0.7392909699629747 , 0.20699402577936343 0.3140923403374061 , 0.22656572496285388 0.7132677715579934 
0.6587773979558111 0.7264415395446541 , 0.21472671765394902 0.3215151106415454 , 0.22398156297488186 0.7186944316721746 
0.65294309126736 0.7134043047016163 , 0.22266925714467975 0.3296946022802787 , 0.22187333017260222 0.723552174876479 
0.6463969317439084 0.7001872304283348 , 0.23082539538669616 0.33865261344980535 , 0.22026335145403744 0.727811237980234 
0.6391087935558303 0.6867968438973796 , 0.23920212341010955 0.3484159783222622 , 0.21917476161870222 0.7314382596387323 
0.6310432420502062 0.6732380006406811 , 0.24781032508565995 0.35901749537014893 , 0.2186321114487759 0.7343955858475442 
0.6221578529703893 0.6595135974905895 , 0.2566657354035252 0.37049711007449826 , 0.2186620902107276 0.7366403742932864 
0.6124009016094024 0.6456242172787513 , 0.26579035759968517 0.38290343112064124 , 0.21929441937555452 0.7381234334589817 
0.6017080848046213 0.6315676985708439 , 0.275214592755761 0.39629567764039936 , 0.2205630010242598 0.7387877056471309 
0.5899977134568497 0.617338655577114 , 0.28498051359534016 0.41074616170013956 , 0.22250745153245227 0.7385662645811207 
0.5771634069754694 0.602928073791271 , 0.2951470403936153 0.4263433643330701 , 0.22517523121555752 0.7373796437340332 
0.5630625700099763 0.5883234087244997 , 0.3057983873777592 0.44319543469357686 , 0.22862472119690674 0.7351322384402977 
0.5474975384977752 0.5735105301421626 , 0.3170582872571189 0.4614331095778781 , 0.23292985282974818 0.7317074421383336 
0.5301838634989371 0.5584817328745363 , 0.3291144522984306 0.48120820764834354 , 0.2381873627872745 0.7269611413354944 
0.5106974466521395 0.5432635204303602 , 0.34225963527475395 0.5026741272163009 , 0.24452859665774887 0.7207134342117132 
0.4884000906111778 0.5280096083937627 , 0.35694643849854474 0.5259017105211585 , 0.2521391494749197 0.7127397629434531 
0.4624382436740241 0.5132935805187586 , 0.37375683758289147 0.5505899979246243 , 0.26129059732772675 0.7027675034149914 
0.4323648521823485 0.5007199771013051 , 0.39273903188323567 0.5754346741284141 , 0.27238179451905814 0.6904964306286551 
0.39969264067950183 0.49246266076852907 , 0.41184259883878443 0.5985237158891925 , 0.28595043906635603 0.6756647052006527 
0.36656170532797694 0.4889582219258984 , 0.4283378921337896 0.6195843645180132 , 0.30258608112287577 0.6581084954144626 
0.33384428693728796 0.4897777767552789 , 0.4409065108924654 0.6390919144212727 , 0.32273488075488893 0.6377813906818226 
0.30210272713455166 0.49481068185169136 , 0.4491204300739908 0.6569328599614699 , 0.34626252137609986 0.6149075400452129 
0.27244751756268354 0.5038113469125246 , 0.45319982178953755 0.6723519841093825 , 0.3718383392324212 0.5904877508364671 
0.2459386071798677 0.5156134040801658 , 0.45404087682568045 0.6845830986826416 , 0.3975061945790942 0.5664545790955668 
0.22257878507168602 0.5288951976054438 , 0.4527296529442873 0.6934522274250853 , 0.42217724056866907 0.544303656827845 
0.20185183464002 0.5429234697668447 , 0.45006116609381486 0.6992444683708864 , 0.44557267785080756 0.5244831437206429 
0.1832821180602055 0.5573767995102958 , 0.4465038384775637 0.702372226068281 , 0.4676997220468732 0.5069020562797971 
0.16653668280096035 0.5721098130874043 , 0.44231545778222464 0.7032224148968985 , 0.4886335380014574 0.4913188538740712 
0.15139475581729578 0.5870443615069179 , 0.4376356973439815 0.7021222294250425 , 0.5084552254233652 0.47748449092641354 
0.13770973354746582 0.6021267405651023 , 0.4325394461211383 0.699343930240391 , 0.5272364989160383 0.46518041105288066 
0.1253825051925433 0.6173107243414309 , 0.4270657493756393 0.6951174478847608 , 0.5450374240164598 0.45422290963218226 
0.11434418542917421 0.6325505574903988 , 0.42123381196361437 0.6896419832628341 , 0.5619076811918539 0.444458541105141 
0.10454479870563112 0.6477980547808766 , 0.41505229990286113 0.6830948648308988 , 0.5778885799761502 0.4357581622465985 
0.09594557571420097 0.6630015995384569 , 0.4085250903919052 0.6756377878616459 , 0.5930150124785363 0.4280116944582711 
0.08851350747963956 0.6781061669196508 , 0.40165503746264275 0.6674209188187237 , 0.6073171336423602 0.4211239961199995 
0.08221741656634242 0.6930539927503766 , 0.39444652546354175 0.6585853338906311 , 0.6208217365547584 0.4150117552173662 
0.07702515509013985 0.7077856830685945 , 0.38690718281452435 0.6492641919090959 , 0.6335533406799784 0.40960120688068363 
0.07290172441281115 0.7222416078375268 , 0.37904893339304746 0.6395829903878589 , 0.645535020778784 0.40482648363298834 
0.0698081939114636 0.7363634260636365 , 0.3708884799201234 0.6296592208792547 , 0.6567890047530556 0.4006284349154827 
0.06770131628062397 0.7500955877253634 , 0.3624472932781192 0.6196017110485685 , 0.6673370690258994 0.39695378308444196 
0.06653372414612056 0.763386669261984 , 0.3537511924333499 0.6095099021229713 , 0.6772007620051721 0.39375451047341864 
0.06625457076778497 0.7761904294438227 , 0.3448296191732308 0.5994732561772474 , 0.6864014886436268 0.39098739623730383 
0.06681046307622367 0.7884665171862988 , 0.3357147250053903 0.5895709215882201 , 0.6949604905030287 0.38861364308385515 
0.06814653700780894 0.8001808127230906 , 0.32644038664885544 0.5798717164507087 , 0.7028987549279783 0.38659855268457466 
0.07020754390779511 0.8113054281320431 , 0.31704125101005065 0.5704344295688234 , 0.7102368836667968 0.3849112241575074 
0.07293884771840235 0.8218184250619175 , 0.3075518848228006 0.5613083946544755 , 0.7169949460434396 0.3835242621419809 
0.07628726835156872 0.8317033238197257 , 0.2980060747104147 0.5525342684786344 , 0.7231923355226592 0.3824134895600137 
0.08020174023103693 0.84094848013685 , 0.28843629614380667 0.5441449362228005 , 0.7288476422097989 0.38155766549872333 
0.08463378198168943 0.8495463978637049 , 0.2788733483489785 0.5361664726230558 , 0.7339785482539746 0.380938211371613 
0.08953779186213691 0.8574930321563493 , 0.26934613801179225 0.5286191003327685 , 0.7386017487107134 0.380538949369256 
0.09487119413304648 0.8647871223778943 , 0.25988158716818366 0.5215181025791158 , 0.7427328972834124 0.38034585690136363 
0.1005944657016799 0.8714295796590793 , 0.2505046384889175 0.5148746623627753 , 0.7463865743940451 0.3803468398365191 
0.10667107205056277 0.8774229422892494 , 0.241238332528364 0.5086966133025218 , 0.7495762740057158 0.3805315262666025 
0.11306733846566712 0.8827709032949654 , 0.23210393484547343 0.5029890970578567 , 0.752314405273502 0.3808910815055516 
0.11975227834471334 0.8874779085388312 , 0.2231210950424474 0.4977551291204802 , 0.7546123051974818 0.3814180441990622 
0.1266973958539029 0.8915488199588961 , 0.21430802392904025 0.49299607908684434 , 0.7564802588016994 0.38210618281263314 
0.1338764759841864 0.8949886366044508 , 0.2056816787742828 0.4887120738829623 , 0.7579275238261733 0.3829503713709605 
0.14126537141742265 0.8978022653804035 , 0.1972579497635528 0.48490233336830446 , 0.7589623574036671 0.38394648310966556 
0.14884179263794795 0.8999943334567778 , 0.18905184330351005 0.48156544777050503 , 0.7595920426431846 0.38509130063109065 
0.15658510539336926 0.9015690348058074 , 0.18107765976284432 0.4786996058608838 , 0.759822913428429 0.38638244119168236 
0.16447613784101495 0.9025300040668316 , 0.17334916469447378 0.4763027819338186 , 0.7596603760491538 0.38781829585772337 
0.17249699841433294 0.902880211756888 , 0.16587975365649582 0.47437288867671706 , 0.7591089265138138 0.38939798142476845 
0.1806309045077143 0.9026218756488911 , 0.158682611531354 0.4729079020222252 , 0.7581721625455742 0.39112130418725727 
0.1888620214202104 0.9017563838768115 , 0.15177086781988516 0.4719059631235754 , 0.7568527893445469 0.39298873485798674 
0.19717531054415635 0.9002842259728729 , 0.14515774983005156 0.47136546171810073 , 0.7551526182104346 0.39500139416739993 
0.2055563854742622 0.898204928587396 , 0.13885673604762594 0.47128510435147986 , 0.7530725570627543 0.3971610489194977 
0.2139913745002063 0.8955169930900678 , 0.13288171231615153 0.47166397022020784 , 0.7506125917682847 0.39947011854809783 
0.22246678779678433 0.8922178326108727 , 0.12724713380716338 0.4725015567361005 , 0.7477717569806948 0.40193169251140026 
0.2309693875159895 0.8883037063622091 , 0.12196819616560126 0.4737978163005891 , 0.7445480949030517 0.4045495591955753 
0.23948605889996077 0.8837696493061511 , 0.1170610197046413 0.47555318516704276 , 0.7409385999800404 0.4073282473851796 
0.24800368046676685 0.8786093954106314 , 0.11254285113484445 0.4777686046264742 , 0.7369391469830312 0.4102730818212678 
0.25650899127773713 0.8728152928981315 , 0.10843228808383291 0.4804455340237079 , 0.7325443992230725 0.413390254936534 
0.26498845329592924 0.8663782100598983 , 0.10474953263910133 0.4835859542275883 , 0.7277476926496119 0.4166869175708867 
0.2734281069341264 0.859287430428929 , 0.10151668137889334 0.4871923590435084 , 0.7225408902716227 0.420171292385936 
0.2818134181495007 0.8515305364356331 , 0.09875806090138116 0.4912677305326416 , 0.7169141995337606 0.4238528148900986 
0.2901291160173925 0.8430932812000018 , 0.0965006197807296 0.49581549209232517 , 0.7108559427865203 0.4277423085660463 
0.2983590208663233 0.8339594489773233 , 0.09477439022371723 0.5008394301674775 , 0.7043522674946019 0.43185220271357255 
0.3064858652317541 0.8241107061740763 , 0.09361303549818756 0.5063435711786364 , 0.6973867778547008 0.4361968045056605 
0.31449111387911155 0.8135264470932018 , 0.09305450240691462 0.5123319940400342 , 0.6899400622986163 0.4407926407251373 
0.3223547963540814 0.8021836421109535 , 0.09314180147423617 0.5188085495752442 , 0.6819890807563249 0.4456588901721755 
0.3300553784221585 0.7900567014984611 , 0.09392394053949803 0.5257764448675633 , 0.673506359622986 0.4508179354923489 
0.33756972180757877 0.777117376516025 , 0.09545703886299459 0.5332376311808725 , 0.6644589179140692 0.4562960741614757 
0.34487322287312727 0.763334731946957 , 0.09780564606543514 0.5411919059299292 , 0.6548068096460801 0.4621244439814871 
0.3519402949445084 0.7486752422659203 , 0.10104427815779127 0.5496355990226465 , 0.6445011054823429 0.4683402405698064 
0.3587454927278344 0.7331030881341406 , 0.10525915196998871 0.558559658626129 , 0.6334810338868194 0.47498833509810345 
0.3652658200353574 0.7165807601761908 , 0.11055003215111972 0.5679468806332079 , 0.6216698263981654 0.4821234410489745 
0.37148520406883667 0.699070108581892 , 0.11703197259293942 0.5777679492792862 , 0.6089685019228664 0.4898130239971949 
0.37740292303869016 0.6805340028871075 , 0.12483649431031744 0.5879759097796952 , 0.595246261235635 0.49814116919157037 
0.3830492177378297 0.6609388055449568 , 0.13411135205120822 0.598498775830443 , 0.5803251087956046 0.5072135004829733 
0.38851382405782586 0.640258140597726 , 0.1450175238285485 0.609230402230044 , 0.5639543306982682 0.517162539030603 
0.39399707065996553 0.6184802675144098 , 0.15772169212764564 0.6200208979300703 , 0.5457669157970313 0.528149916413893 
0.39989664463476166 0.5956311072750032 , 0.17238323910562442 0.630670059040595 , 0.5252057948442564 0.5403499155427747 
0.40692651723739637 0.5718700610092963 , 0.1891388308990071 0.6409299280888615 , 0.501420330448239 0.5538510927602152 
0.41608943560514994 0.5478797310121706 , 0.2080980207358885 0.6505216303027554 , 0.47329822224360396 0.5682497205434469 
0.4275339836824238 0.5257984089325852 , 0.22937969306027922 0.6591562807439303 , 0.44057200184193945 0.5816963921818575 
0.4386877532992241 0.5081317705597721 , 0.2532183092509839 0.6665036056931742 , 0.4055796160344345 0.5920157056054267 
