0.5241411363837676 0.44323932868966165 , 0.39236094089133033 0.16095314343225375 , 0.3413190418490146 0.9161522125684617 
0.5137226443094818 0.4539891087924794 , 0.39500817226146323 0.16418303507350157 , 0.34909030255316753 0.9021725408243961 
0.502828232156392 0.46430934400221335 , 0.39797845384228164 0.16840619602149798 , 0.3570144331254388 0.8876291446666658 
0.4914896345234957 0.47424066410048765 , 0.40123125089369693 0.17364366386966235 , 0.3651002337069198 0.8724603567202271 
0.47973909271926296 0.48383323218437385 , 0.40472634732380797 0.17992002012542627 , 0.3733556790810415 0.8565914323805771 
0.467611363122977 0.49315039146862344 , 0.4084230500994896 0.1872635363127905 , 0.3817867059016458 0.8399307569089633 
0.45514658893731075 0.5022736963432439 , 0.41227946303717955 0.19570631546116218 , 0.39039506714962213 0.8223646728859713 
0.44239476320944954 0.5113098494668996 , 0.41625185514853585 0.20528444687710926 , 0.39917450076612704 0.8037503883463685 
0.42942315828242683 0.5204001564584997 , 0.4202941842822547 0.21603822158481567 , 0.408103776559431 0.783906306647062 
0.41632940993322576 0.5297329046275011 , 0.4243578883130207 0.22801252356498097 , 0.41713382087786605 0.7625992564978952 
0.4032655787154598 0.5395576804245077 , 0.4283921275596218 0.24125765834660923 , 0.42616341284903086 0.7395293459192602 
0.3904833592038262 0.5501950884200356 , 0.4323447497645845 0.2558311894694292 , 0.4349930101557018 0.7143184068009123 
0.3784164967852871 0.5620166003361178 , 0.43616432056504256 0.2718019999347164 , 0.4432403017737828 0.6865260844195429 
0.36780532594626597 0.5753177211322561 , 0.43980349114933137 0.2892591365007156 , 0.45021230202851514 0.6557678270574052 
0.3597549604973038 0.5899395311478671 , 0.443223350699924 0.3083306419291338 , 0.45484280792688464 0.622074511613376 
0.3553272325880537 0.6047484066160843 , 0.44639625479800976 0.329221937700022 , 0.456097631738049 0.5863743403742706 
0.35464961549504465 0.6179780685605877 , 0.44930031455196806 0.3522881024269976 , 0.45387118907709983 0.5500785137027916 
0.35691966535879605 0.6284408163643049 , 0.45189312851860236 0.37816135985121424 , 0.44900832524671414 0.5137425084748577 
0.3612332764258599 0.6357926498914667 , 0.45401864129930286 0.4079414059934684 , 0.4425692013989498 0.4766106288054418 
0.36698878286447967 0.640075555677587 , 0.45501583163941367 0.44273399148452564 , 0.4358165046202192 0.43753513752826423 
0.37391914433774764 0.6413582603064947 , 0.45354952317089225 0.47849803024456744 , 0.43035245161547264 0.40048839413931475 
0.3820438174567546 0.6395380713779261 , 0.450103630614725 0.5124575527093062 , 0.4256736710526329 0.36834906060314465 
0.39160341084200206 0.634279030515675 , 0.4449576768631263 0.5461757626901309 , 0.4212600314189841 0.3398898914845709 
0.4030637335894902 0.6250757710680814 , 0.43781475359843425 0.5811867294013989 , 0.416942631936188 0.3140821842208965 
0.41687251531348524 0.6120669886912202 , 0.42827382825888966 0.6179714478102524 , 0.4126747755517376 0.2903062481889043 
0.431782834226763 0.5987934047412025 , 0.4175817184551729 0.6533676141157475 , 0.40845656644217665 0.2681836658334269 
0.4456984004431132 0.5883297023087773 , 0.4078136717363007 0.6845463481423992 , 0.40430904694469866 0.24746863423920026 
0.45825076138785664 0.5803531458289833 , 0.3993144556389172 0.7120078852314145 , 0.40025590209733874 0.22798365362997902 
0.4695994265174109 0.5741205516079212 , 0.3919060036156201 0.7366336648210553 , 0.39631568899108155 0.20959046826140032 
0.4799312922087168 0.569107679866567 , 0.3853888253225687 0.7590597523820889 , 0.3925010015928271 0.19217725244172093 
0.4893936260084791 0.56497615422015 , 0.37960793835496004 0.7797168603761498 , 0.3888195547606734 0.17565167009407692 
0.49809772037142913 0.5615039474445237 , 0.3744479272087896 0.7989043120194176 , 0.3852754715438938 0.15993642522643559 
0.5061288559255224 0.5585404609829032 , 0.36982191389318303 0.8168381004451144 , 0.3818703493054072 0.1449661232623593 
0.5135539830522599 0.5559801280573053 , 0.36566308033562095 0.8336796144828597 , 0.37860405573623174 0.13068494215021187 
0.5204269344408672 0.5537467570233283 , 0.36191888540647515 0.8495530732062773 , 0.3754752992767702 0.11704485446077136 
0.5267919173902095 0.551783957041602 , 0.35854717128473224 0.8645564823325214 , 0.37248203044917083 0.10400424531625364 
0.5326858918325232 0.5500490838437398 , 0.35551350557635353 0.8787687770938807 , 0.3696217217152358 0.0915268237527564 
0.5381402292566699 0.5485092886357616 , 0.3527893282599061 0.8922546400809253 , 0.3668915616075365 0.07958075597369005 
0.5431818997301407 0.5471388650767525 , 0.3503506306177636 0.9050678508266418 , 0.3642885887762081 0.06813796878698271 
0.5478343420246133 0.5459174221739371 , 0.34817699310496175 0.9172536774729763 , 0.3618097839945374 0.05717358504346352 
0.552118115708637 0.5448285973914044 , 0.3462508706880122 0.9288506248450197 , 0.35945213272746335 0.046665462453952845 
0.5560513996620978 0.5438591319911403 , 0.34455705240553663 0.9398917386217747 , 0.35721266705647803 0.03659381407746197 
0.5596503800136944 0.5429981947494636 , 0.34308224600354853 0.9504055960862947 , 0.3550884931068696 0.026940893854618574 
0.562929556843946 0.5422368794415415 , 0.3418147539931882 0.9604170709084383 , 0.3530768082869783 0.017690734340397075 
0.5659019901080873 0.5415678261318538 , 0.3407442176427978 0.9699479319283383 , 0.35117491137322737 0.008828926630184752 
0.568579499323789 0.5409849321480119 , 0.33986141221550015 0.9790173179165557 , 0.34938020758482324 0.0003424346258092542 
0.5709728275582518 0.5404831290138912 , 0.33915808139739445 0.9876421182434955 , 0.34769021016846613 -0.007780562567009885 
0.5730917774745434 0.5400582085782595 , 0.3386268020753405 0.9958372811640238 , 0.34610253957422854 -0.015550805051906482 
0.5749453252424622 0.5397066863173494 , 0.3382608728888152 1.0036160656988482 , 0.34461492099283514 -0.022978067325820806 
0.5765417167191509 0.5394256930740995 , 0.33805422160160337 1.0109902490430518 , 0.34322518080335834 -0.030071257426774436 
0.5778885492862195 0.5392128888058968 , 0.3380013275156675 1.0179702985202428 , 0.3419312423222256 -0.03683850263576269 
0.578992841978645 0.5390663935590607 , 0.3380971560145152 1.0245655149775137 , 0.3407311211309524 -0.0432872238461975 
0.5798610959788847 0.5389847320776945 , 0.33833710296694347 1.030784152947483 , 0.33962292017828444 -0.04942420033480059 
0.580499347124516 0.5389667893244801 , 0.3387169472061917 1.0366335217299012 , 0.3386048247934049 -0.055255626364004294 
0.5809132117524602 0.5390117748348697 , 0.33923280966750513 1.0421200706568083 , 0.3376750977041473 -0.06078716080130127 
0.5811079269514722 0.5391191943082084 , 0.3398811180494263 1.047249461125156 , 0.3368320741232142 -0.06602397074298756 
0.581088386098524 0.5392888272044123 , 0.3406585760825968 1.0520266274546197 , 0.3360741569429919 -0.07097076996865515 
0.5808591704005427 0.5395207093945735 , 0.34156213666022595 1.0564558282168883 , 0.33539981206334407 -0.0756318529210849 
0.5804245770408614 0.5398151201308704 , 0.34258897821816653 1.0605406893575118 , 0.33480756386508476 -0.08001112479800522 
0.579788644432451 0.5401725727717924 , 0.3437364838582057 1.0642842401715045 , 0.33429599083345585 -0.08411212825291993 
0.5789551750021162 0.5405938088349296 , 0.34500222279201664 1.067688942983701 , 0.3338637213299797 -0.08793806712825379 
0.5779277558672954 0.5410797950603118 , 0.34638393374993487 1.0707567172126138 , 0.33350942950688234 -0.09149182758254866 
0.5767097777168491 0.5416317232592325 , 0.34787951005185064 1.0734889583532345 , 0.3332318313554129 -0.09477599692209021 
0.5753044521669284 0.5422510128017989 , 0.3494869860797061 1.075886552292911 , 0.3330296808774781 -0.09779288040433315 
0.573714827830946 0.5429393156651705 , 0.35120452492435267 1.077949885269566 , 0.33290176636881386 -0.10054451624435963 
0.571943805317518 0.543698524026863 , 0.3530304070053423 1.0796788496886884 , 0.3328469068012522 -0.10303268902517465 
0.5699941513510577 0.5445307804463664 , 0.35496301948167897 1.08107284593097 , 0.33286394829137583 -0.10525894168695951 
0.567868512195823 0.5454384907360946 , 0.3570008462853891 1.0821307802029794 , 0.33295176064290044 -0.10722458624869717 
0.5655694265552506 0.5464243396816348 , 0.35914245861844296 1.0828510584059623 , 0.33310923395041897 -0.10893071339722034 
0.5630993381141798 0.5474913098336435 , 0.3613865057572769 1.0832315759199327 , 0.3333352752526559 -0.11037820106319937 
0.5604606078921558 0.5486427036619274 , 0.3637317060078688 1.0832697031189085 , 0.33362880522408794 -0.11156772209045904 
0.5576555265817207 0.5498821694388794 , 0.36617683764769327 1.0829622663454395 , 0.33398875489469854 -0.1124997510939421 
0.5546863270570652 0.5512137313075481 , 0.3687207296782876 1.082305523975163 , 0.33441406238875965 -0.11317457059233461 
0.5515551972565863 0.5526418240928687 , 0.37136225219261737 1.0812951370910988 , 0.33490366967490887 -0.11359227649359087 
0.548264293669183 0.5541713335374538 , 0.37410030613346973 1.0799261341580635 , 0.3354565193214599 -0.11375278300514077 
0.5448157556905224 0.5558076427914934 , 0.3769338121806773 1.078192868934136 , 0.3360715512529129 -0.1136558270352529 
0.5412117211648066 0.5575566861669389 , 0.3798616984532047 1.076088970671143 , 0.3367476995061013 -0.11330097214770533 
0.5374543434936403 0.559425011388599 , 0.3828828866430425 1.0736072854302163 , 0.33748388898742987 -0.11268761212843885 
0.5335458107818429 0.5614198518512522 , 0.3859962761059169 1.070739807059214 , 0.3382790322363528 -0.1118149742200898 
0.5294883676079937 0.5635492107385561 , 0.3892007253113426 1.0674775960298928 , 0.33913202620477645 -0.11068212207807264 
0.5252843401657759 0.5658219592980073 , 0.3924950298906848 1.0638106838924033 , 0.340041749067652 -0.1092879585000343 
0.5209361657358904 0.568247952125623 , 0.39587789630132514 1.0597279605435834 , 0.3410070570868971 -0.10763122797883024 
0.516446427739096 0.5708381630341424 , 0.39934790982575 1.0552170407836474 , 0.34202678155926663 -0.10571051912741374 
0.5118178980202802 0.573604846014122 , 0.4029034952145603 1.050264105698099 , 0.34309972588927207 -0.1035242670218449 
0.507053588567631 0.5765617270245768 , 0.40654286771527054 1.0448537131713511 , 0.344224662841211 -0.1010707555055517 
0.5021568156489501 0.579724233976109 , 0.4102639714347342 1.038968570207644 , 0.3454003320404283 -0.09834811949337696 
0.49713128045330357 0.583109774447601 , 0.41406440085693946 1.032589257549716 , 0.34662543781386956 -0.09535434730694098 
0.49198117192106855 0.5867380736277408 , 0.4179412997182489 1.0256938941248317 , 0.34789864748479515 -0.0920872830621965 
0.4867112997801987 0.590631589016109 , 0.42189122907642185 1.0182577247882576 , 0.34921859026749197 -0.08854462911399064 
0.48132726928188274 0.5948160240295997 , 0.42590999289560877 1.0102526091992214 , 0.350583856946621 -0.08472394853844507 
0.4758357143970957 0.5993209705474534 , 0.4299924041523188 1.0016463817412735 , 0.35199300057469796 -0.08062266759835082 
0.4702446143833523 0.6041807216637157 , 0.4341319662576567 0.9924020411107942 , 0.3534445384831034 -0.07623807808413387 
0.4645637315126579 0.6094353121344886 , 0.43832043163042583 0.9824767119010703 , 0.35493695598102876 -0.07156733934518286 
0.4588052286182226 0.6151318677175716 , 0.442547178287346 0.9718202966838704 , 0.3564687122185439 -0.06660747971106584 
0.45298455983732633 0.6213263796433702 , 0.4467983104642663 0.9603737018770788 , 0.35803824882251994 -0.061355396830072975 
0.44712178743548503 0.6280860725899086 , 0.45105532959968514 0.9480664682930747 , 0.3596440020889424 -0.0558078561926072 
0.44124358297679356 0.6354926118938133 , 0.4552931163983667 0.9348135595045335 , 0.3612844197489523 -0.04996148670797075 
0.4353863645096838 0.6436465077720801 , 0.4594767709711915 0.9205109484957426 , 0.36295798364323734 -0.04381277157744657 
0.4296013902967205 0.6526732238599108 , 0.4635564887518158 0.905029492529087 , 0.3646632400755763 -0.03735803169862169 
0.4239633614569863 0.6627316445581073 , 0.4674589174474086 0.888206437289727 , 0.3663988402197177 -0.03059339715745823 
0.4185855911018614 0.6740254718443923 , 0.47107193424437616 0.8698339723040309 , 0.3681635937778751 -0.023514759458047124 
