0.7970721961400442 0.8988495148021464 , 0.5777960311603152 0.8821004996237811 , 0.22828305027725193 0.5143247912012373 
0.8032305943905463 0.9115539227067915 , 0.5668916611486189 0.873607335111764 , 0.23302902203844603 0.5101135478086093 
0.8078721113789558 0.9239261440946984 , 0.5570796449024625 0.8650468965222367 , 0.23819952129619296 0.5063017650102298 
0.8111682658061748 0.9359043229881492 , 0.5481855231178171 0.8564610853054012 , 0.24379748865361928 0.5029093973336145 
0.8132604060230644 0.9474489003648787 , 0.5400636069390348 0.8478677027707183 , 0.24982726461551216 0.4999582024915678 
0.8142659232004273 0.9585342402226729 , 0.5325907639119597 0.8392685134219462 , 0.25629459046522424 0.49747205198254585 
0.8142832780508289 0.9691435516407976 , 0.5256613395006999 0.830653922115615 , 0.2632066600260825 0.4954773318707523 
0.813395924860075 0.9792657385865173 , 0.5191831324713282 0.8220056136450979 , 0.27057222024620814 0.4940034533955496 
0.8116753411586309 0.98889340252182 , 0.5130742141404097 0.8132978989393665 , 0.27840172227857063 0.4930835041659783 
0.8091833668566214 0.9980215501666796 , 0.5072603825070479 0.8044981699249711 , 0.28670752821394196 0.4927550855355141 
0.8059740196484517 1.00664674174168 , 0.5016730758311245 0.7955666607579781 , 0.2955041820980349 0.4930614031275066 
0.8020949147346746 1.0147665192677255 , 0.49624760547929087 0.7864555766271045 , 0.30480875736364565 0.49405270973233467 
0.7975883846743967 1.0223790150944594 , 0.490921596989906 0.7771075403937856 , 0.31464129591330847 0.49578825013891964 
0.7924923703994791 1.0294826766286065 , 0.4856335519631819 0.7674531905874319 , 0.32502535521495024 0.4983389384111262 
0.7868411359325134 1.036076064519154 , 0.4803214673692373 0.7574076090590072 , 0.3359886742758606 0.5017911320490035 
0.7806658456414983 1.0421576939560946 , 0.4749214876658783 0.7468650163617553 , 0.3475639442702347 0.5062520953093148 
0.77399503255737 1.0477258952380994 , 0.46936665656253707 0.7356907690761668 , 0.35978958845770426 0.5118581413128983 
0.7668549781641961 1.052778671661686 , 0.4635860867551372 0.7237089879443666 , 0.37271021265827803 0.518787146021112 
0.7592700169022808 1.0573135299732197 , 0.45750560551359 0.7106829231759766 , 0.38637565516174055 0.5272783524779683 
0.7512627706190662 1.0613272491963193 , 0.4510532409736399 0.6962832993840201 , 0.4008352659849052 0.5376642570468252 
0.7428543057064341 1.0648155323936228 , 0.44418061346311055 0.6800389611732491 , 0.41611635840806666 0.5504203120602926 
0.7340641792850277 1.067772440795154 , 0.43693847533744706 0.66127896692564 , 0.43214862295513656 0.5662233979063703 
0.7249102745129734 1.0701894179039444 , 0.4297339314210909 0.6392066601599528 , 0.448507071643547 0.5858787275632674 
0.7154081629301913 1.0720535802231979 , 0.42396397666723884 0.6139029722305536 , 0.4637791379801811 0.6093182531734133 
0.7055696112052354 1.0733452690186458 , 0.4215514487721387 0.5885048209318822 , 0.47603021760023706 0.6334247156766367 
0.6954012994492474 1.0740369606979685 , 0.42226137812463005 0.5658160864427974 , 0.4854886000037336 0.6554217584863988 
0.6849057811439003 1.0740942961594089 , 0.42504142461393496 0.5461214491375861 , 0.4932040718197758 0.6750590603301697 
0.6740830030810648 1.073476513989219 , 0.4291762951631727 0.5290067402185377 , 0.49989197933337354 0.6927915514194081 
0.6629313677015057 1.0721358665966527 , 0.43424827036707253 0.5140522014643146 , 0.5059716395090328 0.7090867375661974 
0.6514484982104178 1.0700163199834116 , 0.4400051244464282 0.500932120308275 , 0.511697654920765 0.7243263653354781 
0.6396319455333446 1.0670515967701524 , 0.4462849274028528 0.4894030075791391 , 0.5172344046414137 0.7388202012778733 
0.6274800449309106 1.0631624297332811 , 0.4529774185994302 0.4792812851991857 , 0.5226938140472703 0.7528310906946981 
0.6149931724783213 1.05825273904441 , 0.4600035534017905 0.4704258873140356 , 0.5281545516974993 0.7665961792687193 
0.6021758021131167 1.0522042660571398 , 0.4673040655412534 0.46272621741598696 , 0.5336714099232408 0.7803443221540383 
0.5890401036615345 1.0448689512437928 , 0.47483269846614357 0.45609396449452433 , 0.5392784754499328 0.7943118898888479 
0.5756125574205404 1.0360580348877282 , 0.4825519723874606 0.4504575005049503 , 0.5449867477696098 0.8087592702344865 
0.561946687921713 1.0255266565139984 , 0.49043038359627006 0.4457580017116052 , 0.5507742060596277 0.8239901474015613 
0.5481487171681169 1.0129535562978045 , 0.4984404300304579 0.4419467595290992 , 0.556562130379036 0.8403744898002613 
0.5344312533553808 0.9979214673804688 , 0.5065571061662281 0.4389833746014375 , 0.5621629180560018 0.8583699636452586 
0.5212258777513413 0.9799318858510013 , 0.5147566405770219 0.436834709605058 , 0.5671687592492475 0.8785082101711056 
0.5093872863229736 0.9585940777143434 , 0.5230153370514767 0.4354746641128992 , 0.5707486542031603 0.9012060637999224 
0.5003118081432799 0.9343345732487591 , 0.531308527006543 0.4348850322628458 , 0.5715309424277878 0.9260552001155601 
0.4950824167078842 0.909254824323463 , 0.5396100240698339 0.43505751567821643 , 0.5684588367998925 0.9509624656254856 
0.49316629085906316 0.8856250030860918 , 0.5478926799320128 0.43599528953312505 , 0.5620923067865347 0.9736545130079483 
0.49334725252240713 0.8641529525717656 , 0.5561291747895457 0.437711968139208 , 0.5536748502656578 0.9934098849161915 
0.4947418425325286 0.8446337142843853 , 0.5642918396930577 0.44022957792231593 , 0.5441175953520242 1.0104115134204639 
0.49684779627861525 0.826656131256709 , 0.5723518075426823 0.4435773590454211 , 0.533951673756313 1.025041315325035 
0.4993937632973877 0.809829553671892 , 0.5802778803711786 0.44779153765896845 , 0.5234796339090444 1.0376537142963047 
0.5022365567309829 0.7938232542019643 , 0.5880351671260582 0.4529158395196595 , 0.5128795537205696 1.0485357119055414 
0.5053069161553486 0.7783589877018734 , 0.5955833758123443 0.4590026245765343 , 0.5022609856099177 1.0579131933487576 
0.508582435752252 0.7631957677330561 , 0.6028745369368257 0.4661146528290146 , 0.49169430488853294 1.0659643850650946 
0.5120749209272786 0.7481155651583055 , 0.6098497984633433 0.47432759542827313 , 0.48122655818698884 1.0728316450405868 
0.5158261870098881 0.7329109359601632 , 0.6164346972443819 0.4837334928886552 , 0.4708903933233407 1.0786303767783472 
0.519910075629857 0.717373876333605 , 0.6225318786172525 0.4944454223183002 , 0.46070932333050135 1.0834555069752603 
0.5244408860539531 0.7012850812493152 , 0.6280094146366223 0.5066035695082058 , 0.4507009768870354 1.0873861548696446 
0.5295907728008559 0.684403490348518 , 0.6326812940378117 0.520382316348506 , 0.44087921073894326 1.0904889989301418 
0.5356219838640343 0.6664587354986271 , 0.6362737203782303 0.5359953774927979 , 0.4312555733353463 1.0928206926357409 
0.5429443998487377 0.647159354449029 , 0.6383664642149969 0.553685903512852 , 0.4218404135138763 1.094429547665285 
0.5522070469267261 0.6262678715492414 , 0.638300400956754 0.5736503525029807 , 0.4126438296941307 1.095356581574944 
0.5643607983024361 0.6039173538476059 , 0.6351138831903295 0.5957215593740175 , 0.40367659608484513 1.0956358924055427 
0.5802279933652359 0.5814601382340467 , 0.6279722012930917 0.6185204744143596 , 0.39495108291928305 1.0952941929787599 
0.5989797961936011 0.5616261140098768 , 0.6176897315982165 0.6392990514422197 , 0.3864817497857931 1.0943496401750699 
0.6185161437680472 0.5457660730046988 , 0.6063507153745513 0.6566970055868074 , 0.37828441843501215 1.09281172703566 
0.6375828532230046 0.533449133289663 , 0.595193212641658 0.6711422544951071 , 0.370375211712948 1.0906834178423963 
0.6557547671137306 0.5239120845817624 , 0.5846261949346175 0.6833993773357899 , 0.3627703155292625 1.0879633437096141 
0.6729438512573244 0.5165439033990912 , 0.5747211883796853 0.6940838397426984 , 0.35548623794060097 1.084647062485377 
0.6891730998633587 0.5109086488823461 , 0.5654379647956876 0.7036385063629145 , 0.3485402129185643 1.0807276503819059 
0.7044970217555018 0.5066965020529216 , 0.5567036123217411 0.7123823842526392 , 0.3419506435003677 1.0761959193216057 
0.7189749225879175 0.5036822021657558 , 0.5484387792015023 0.7205521882814047 , 0.33573757578819086 1.0710404151800061 
0.7326623029298266 0.501697351798643 , 0.5405657495365414 0.7283301858376153 , 0.3299232251112427 1.0652472679909082 
0.7456085543122374 0.5006126655849229 , 0.5330101350585192 0.7358622182604055 , 0.3245325882068541 1.0587999217818382 
0.7578568388610702 0.5003264903086072 , 0.5257002521692747 0.7432695678671463 , 0.31959418654726574 1.051678747451413 
0.7694446719036109 0.5007572097272243 , 0.5185656036678536 0.7506570702390445 , 0.3151410020061462 1.043860525660898 
0.7804046666747483 0.5018380863688063 , 0.5115349194987824 0.7581189467675423 , 0.31121169140408006 1.035317772490818 
0.7907652487784526 0.5035136663154035 , 0.5045338215698466 0.7657432737411674 , 0.30785220722931156 1.0260178655705958 
0.8005512800630146 0.5057372111021611 , 0.4974819791257955 0.7736156836695026 , 0.3051180183888007 1.015921910855503 
0.8097845809651883 0.5084688207187513 , 0.49028946074806623 0.7818227146094667 , 0.3030772358643562 1.004983270298949 
0.8184843573099047 0.5116740318215103 , 0.4828517821546768 0.7904551204965011 , 0.30181513811302935 0.9931456533091556 
0.8266675414309883 0.5153227490252907 , 0.47504281119616554 0.7996113760850937 , 0.301440924950457 0.9803406805167826 
0.8343490558282102 0.5193884134974132 , 0.46670409233531573 0.8094014645574956 , 0.302098129414085 0.9664849275722582 
0.8415420029511432 0.5238473429847412 , 0.457628067428644 0.8199505756152173 , 0.3039812071978236 0.9514768870272085 
0.8482577770925066 0.5286781975416214 , 0.44753077895731425 0.8314007396304806 , 0.30736272152779004 0.9351958684550651 
0.854506081504895 0.5338615403810874 , 0.4360070902465918 0.8439027048589235 , 0.31263810582612406 0.9175105603871562 
0.8602948097814931 0.5393794789113083 , 0.4224634944249871 0.857569389696328 , 0.3203929733711307 0.8983259370195308 
0.8656297028249259 0.545215398819222 , 0.40607136275815436 0.8722875074510785 , 0.3314502119945307 0.8777718993568666 
0.8705136104280853 0.5513538760856657 , 0.3860933003799505 0.8871131664775768 , 0.34654436676957523 0.8568077630639247 
0.8749451978800609 0.5577810130458389 , 0.36350612851824177 0.8996086496915886 , 0.36469995117930837 0.8378851428897397 
0.8789178261116124 0.56448532736475 , 0.341203783236988 0.9081601311612186 , 0.3830296682290105 0.8226293471011986 
0.8824202387887067 0.5714580772071112 , 0.32068983100285 0.9133349477810672 , 0.40004120778605434 0.8104817806389889 
0.885437937050112 0.5786925978855852 , 0.3021677980954303 0.9160591366764378 , 0.4155455424320687 0.8005230710651442 
0.8879539718173143 0.5861835664332854 , 0.2854762160961293 0.9169993383851459 , 0.4297210896641674 0.792091900808736 
0.8899492420975136 0.5939264757996102 , 0.27040723593226296 0.9165914352126812 , 0.44279479954783446 0.784756894614876 
0.891402520097162 0.6019172712258581 , 0.2567780787299945 0.9151254298441522 , 0.4549706787504545 0.778232104557157 
0.8922903145013271 0.6101520806942382 , 0.24443993539501338 0.9128019816173425 , 0.4664210276812705 0.7723207433155868 
0.892586616700005 0.618626992484166 , 0.2332734253823865 0.9097655816981008 , 0.47729123549521946 0.7668822314449006 
0.8922625421172575 0.6273378477922797 , 0.22318242111581976 0.9061240631656178 , 0.48770631434453376 0.7618128946692699 
0.8912858607235609 0.6362800232372982 , 0.21408878757145441 0.901960440326564 , 0.4977766292825958 0.7570343420633053 
0.8896203977879608 0.6454481791009633 , 0.20592833389782259 0.8973403647826206 , 0.5076025458918278 0.7524862617435836 
0.8872252733747727 0.6548359453601642 , 0.1986477816003512 0.8923169939162667 , 0.5172782226024872 0.7481218663507365 
0.8840539341942301 0.6644355084795827 , 0.19220250061698396 0.8869342777877721 , 0.5268948427663972 0.7439050193598127 
0.8800529116901583 0.6742370455131763 , 0.18655480834876517 0.8812292470523977 , 0.5365435575386878 0.7398085130615935 
