0.2766742595190842 0.9342770690211981 , 0.3120592377318804 0.8060531231592216 , 0.05304149769480759 0.5418040289893846 
0.27246144198107636 0.9418377344658636 , 0.3142021627291977 0.809011534614999 , 0.055111390235498055 0.5312849520889418 
0.2688746946424028 0.9463788550236458 , 0.31508880751683144 0.8141484516383388 , 0.05781149278653782 0.5216069145078197 
0.26600918229782167 0.9479532371150798 , 0.31467351162140217 0.8214295840569895 , 0.06109230102654823 0.512751399997735 
0.2639889500549854 0.9465137865760023 , 0.31287704918574777 0.8309155985157743 , 0.06490899570503887 0.5047048360780277 
0.26298731789227414 0.9419125196211684 , 0.30956718411900414 0.8427639845208258 , 0.06922049293449375 0.49745771702781016 
0.2632534361830479 0.9339065137008221 , 0.3045326580576318 0.8572237939778059 , 0.07398890070509233 0.49100391349117645 
0.2651308579653747 0.9222398188353922 , 0.2974647012000493 0.8745542355581201 , 0.07917943578034804 0.48534016677629227 
0.2689489707450721 0.9070885990769539 , 0.2880650671210423 0.8945798567761059 , 0.08476095707965764 0.4804657653167447 
0.2743667339647864 0.8903811460570163 , 0.27670098231610774 0.9153707364503301 , 0.09070727866487795 0.47638233866245805 
0.2798134170280398 0.8755389280317306 , 0.26496301744772127 0.9335017181672766 , 0.096998560470011 0.47309357497079724 
0.2841253120299268 0.8639269338143513 , 0.2540292105219112 0.9476021911021763 , 0.10362047239393408 0.47060509625327684 
0.286975288355844 0.8553578938165413 , 0.24423797527655514 0.9578513643160833 , 0.11056173131337295 0.4689249630371798 
0.28833235276118857 0.849395217960928 , 0.23563046297376314 0.9646746864876601 , 0.11781217921082036 0.4680643167212163 
0.2882219735565757 0.8456904963538959 , 0.22819146355094722 0.9684058508073058 , 0.12536155783824915 0.4680378740086026 
0.2866597324373096 0.844016558869493 , 0.22191662586913163 0.969253373945608 , 0.13319863663933085 0.46886428835470345 
0.28363283286923374 0.8442522488875344 , 0.21683168702858913 0.9673155422679852 , 0.1413104750479492 0.4705664300142848 
0.2790914269638092 0.8463699929105728 , 0.21300185581648753 0.9625926082506107 , 0.14968171216547535 0.47317162000862095 
0.27293869031480333 0.8504332766280117 , 0.2105424588872191 0.9549890988404668 , 0.15829384574374963 0.47671184570132596 
0.26501622637542743 0.8566007396500074 , 0.20963424533346592 0.944309477147117 , 0.1671245232368787 0.48122400437268015 
0.2550899895079601 0.8651166217607942 , 0.21053805017977847 0.9302673049653467 , 0.17614695525803353 0.48675029444366363 
0.24288488673810898 0.8761890237774237 , 0.21356038491391127 0.9126061285571317 , 0.18532972329375183 0.4933390688352491 
0.2284098822061678 0.889369701046525 , 0.21872756771296495 0.8917176182104715 , 0.19463754502663932 0.501046901912808 
0.2129290591961212 0.9021858064731367 , 0.2248122050868855 0.8700052328524749 , 0.20403373066276537 0.5099431818441928 
0.19844050400279614 0.911687519010645 , 0.22985153908218595 0.8503294872933035 , 0.21348295186079 0.5201172148658559 
0.18572788363155907 0.9171725633025964 , 0.23309796050049614 0.8332771251017477 , 0.22294915081371686 0.5316845327654603 
0.17484257422745872 0.9189219363468206 , 0.23454364733603358 0.8184192938988906 , 0.23238877338227976 0.5447929909240934 
0.16569307335841066 0.9172872056726118 , 0.23434070064221618 0.8052155791836836 , 0.24174122094514522 0.5596314363135092 
0.1582073594927469 0.9125075878408564 , 0.2326532187495425 0.7931845017929003 , 0.2509144167034827 0.5764421315360478 
0.15236458471582057 0.9047016518130376 , 0.2296502327629151 0.781895514545551 , 0.25976017746703645 0.5955370548112161 
0.14820202019620005 0.8938802840163034 , 0.22554383959714477 0.7709390359629801 , 0.2680291351524273 0.6173149011905211 
0.14582404752816605 0.8799533403480764 , 0.2206647447423653 0.7599185704593727 , 0.2752862026752408 0.6422623103623555 
0.1454246023469321 0.8627280067905345 , 0.21558915425512878 0.7485293372199975 , 0.28076123834371125 0.6708768771592726 
0.14733992319405864 0.8419062123979613 , 0.21127023174727524 0.7368928401906218 , 0.28316484000443826 0.7033351685812216 
0.15216729299078727 0.8171137632829681 , 0.2088014134289548 0.7262814964754482 , 0.28080628852603007 0.7387389614113884 
0.16097281920919215 0.7881055797019664 , 0.20832074319206006 0.7192155781284217 , 0.27248143254451995 0.7748130633394166 
0.1751964927398688 0.7555950362998778 , 0.208544018870098 0.7177241026599268 , 0.25803448333580536 0.8088150822100001 
0.1947903082801298 0.7223152070538651 , 0.20805044920233995 0.7219756962075049 , 0.2389342374633024 0.8378433179084348 
0.21677315169692934 0.6918739074481149 , 0.2070764488949096 0.7293042979743222 , 0.2179253943539332 0.8609560157473677 
0.2379844075847235 0.6667001030793913 , 0.20712778431287646 0.7364905938080399 , 0.19666280304817219 0.8789435242823735 
0.257339728154396 0.6466025149108996 , 0.20853202671213392 0.742857690749221 , 0.1759032400792422 0.8926740155096842 
0.2747828227701556 0.6306746714655733 , 0.21093679014371852 0.7486449487713864 , 0.15605538203189795 0.9028146009328452 
0.2904766622775986 0.6181505565395734 , 0.21392668972045853 0.7540990511609861 , 0.13737164294771495 0.9098846134692454 
0.30459256757511366 0.6084773417619964 , 0.21716713325929235 0.7593548504163162 , 0.1200152941113661 0.9143020289914923 
0.3172705053215074 0.6012608363818487 , 0.22041113843581298 0.764464089281869 , 0.10409335118845171 0.9164092955060873 
0.32861709092284846 0.5962152515774854 , 0.22348070495508124 0.7694296529987165 , 0.08967719906784238 0.9164893165936031 
0.33871046259857374 0.5931293592295417 , 0.2262477400117561 0.7742279071219187 , 0.07681679233544225 0.9147769548183446 
0.3476052287604034 0.5918447323463092 , 0.22861905160650198 0.7788214319917905 , 0.06555071457886669 0.9114680568317053 
0.35533620050952963 0.5922416638290074 , 0.2305253389099397 0.7831657890170967 , 0.0559134555263027 0.9067267683237009 
0.3619208562940718 0.5942298810414024 , 0.2319132547265124 0.7872128160109951 , 0.04794088392518784 0.9006915241174075 
0.36736069865398624 0.5977423047020214 , 0.23273963733469705 0.7909119275432107 , 0.04167465895708873 0.893479988924573 
0.3716416309918108 0.6027307891360432 , 0.2329671953048822 0.7942102396201333 , 0.037166168649079026 0.8851931924136287 
0.37473339422849855 0.6091631803332179 , 0.232561099447384 0.7970519446750688 , 0.03448050126988944 0.8759190961615185 
0.37658799773279106 0.6170212521347644 , 0.23148605117453336 0.7993771231135965 , 0.03370094603844759 0.8657358459214444 
0.37713695242447176 0.6262991908947786 , 0.22970345136297354 0.8011200136967184 , 0.03493459115832667 0.8547150165783084 
0.3762869460236036 0.6370023169775507 , 0.22716828844639345 0.8022066187107598 , 0.03831976047577493 0.8429252854814948 
0.3739133561484056 0.649145641994162 , 0.22382530096168093 0.8025513296226463 , 0.04403633783568536 0.830437249552997 
0.3698506204789904 0.6627515949258344 , 0.21960387915185314 0.8020519206998474 , 0.05232049531492828 0.8173307055441236 
0.36387788630741724 0.6778456353318922 , 0.21441124976317846 0.8005815375123667 , 0.0634858588751761 0.8037070483255464 
0.3556974143945359 0.6944471015698457 , 0.20812472459449763 0.7979746276867357 , 0.07795285595673829 0.789712491913224 
0.34490176897134733 0.712549548014884 , 0.2005908077550609 0.7939998364534279 , 0.09628241821936356 0.7755848367014935 
0.33092399401033407 0.7320775605279537 , 0.19167274975826015 0.7883058564175631 , 0.11917825117717759 0.7617508042242886 
0.3129652342992505 0.7527885630741846 , 0.18153037950583711 0.7803375514084697 , 0.14727938114068417 0.7490081066871511 
0.2899216313568617 0.7740343524663577 , 0.1716321721158283 0.7694443635994732 , 0.18022119147308174 0.7386555051039746 
0.26061198494298654 0.7941611472483381 , 0.16565505175405987 0.7560136801607157 , 0.21550795824872532 0.7319593937607518 
0.22581160348038723 0.8098841425740306 , 0.16625844157422665 0.7422743844880458 , 0.24970494989115782 0.7299756941077292 
0.18965132476890043 0.8192156577854942 , 0.17303086120063982 0.7307581913020669 , 0.2790928089762314 0.7321603720822446 
0.15499496131556625 0.8227868051190185 , 0.18390939634032918 0.722919562073242 , 0.3028706372898762 0.7364278539775452 
0.12319804532843326 0.8219237293671291 , 0.19695857167781625 0.7187636154565465 , 0.3216183779395221 0.74144687634613 
0.09465560830352282 0.8180019008690477 , 0.21122085099472432 0.7175960070812978 , 0.3358985356475244 0.7465363132194603 
0.06921546482989563 0.8120947569472347 , 0.22650587058876 0.7187290067927077 , 0.3460536595271159 0.7513104574298635 
0.04653119010295338 0.804933130716046 , 0.24301602844116496 0.721699697105657 , 0.3522277764016532 0.7555013933481027 
0.026235415109460602 0.7969920531853578 , 0.26114158005321697 0.7262710481749436 , 0.35439799978309394 0.7588711198095043 
0.0080010341840102 0.7885779106145308 , 0.2813611825410081 0.7323964605017478 , 0.3524127782207532 0.7611598500535272 
-0.008443930645962671 0.7798891993074409 , 0.30408354751914246 0.7401754642754558 , 0.34613537807259165 0.762069557586909 
-0.023316791231921413 0.7710549978405399 , 0.32904287661340387 0.7496797143952472 , 0.33604890956428896 0.7613995089340188 
-0.03678454500831331 0.7621589334112103 , 0.35397023576002323 0.7603671950928157 , 0.32458930419406146 0.7596080926657798 
-0.048971365801095165 0.753255300035211 , 0.37570740544922576 0.7709903672812655 , 0.31503895529764075 0.7578885538533293 
-0.05997157977676817 0.7443815796074558 , 0.39321331560636785 0.7807886230345694 , 0.3085332591161717 0.7569640185277806 
-0.06986167721233448 0.7355665147732381 , 0.4066856177378831 0.7895423327267851 , 0.30495105442022274 0.7570253736697825 
-0.07870736486722303 0.7268339455645172 , 0.4165045571246201 0.797211969567363 , 0.30397780268837427 0.7580883060379255 
-0.08656724468969962 0.7182044426177244 , 0.4229600092338742 0.8037888813152975 , 0.3053822304015967 0.7601408972367839 
-0.09349475046506774 0.7096960155824658 , 0.426216975693669 0.809249491378092 , 0.30905276971717 0.763188714209248 
-0.09953917558384257 0.7013244604636402 , 0.42632196023013375 0.8135380399503502 , 0.3149922102994801 0.7672717207558155 
-0.10474617379766905 0.6931035851176506 , 0.4232085943184073 0.8165541007623996 , 0.32331257442503303 0.7724765352897557 
-0.1091578922066298 0.6850454225310874 , 0.41670250725972485 0.8181385132180621 , 0.33423037989267623 0.7789502854206565 
-0.11281276573288945 0.6771604952732744 , 0.4065618122509332 0.8180654596846105 , 0.34802594842772755 0.786908266211921 
-0.11574489435054532 0.6694581869009759 , 0.39271593531741367 0.8161028831621607 , 0.3648039539789029 0.7965731511066693 
-0.11798284724207561 0.6619472783817328 , 0.37617717046316473 0.8123900001108566 , 0.3835806717246821 0.8077969426772166 
-0.11954808190244964 0.6546366211792803 , 0.3600311280900398 0.8081197018970334 , 0.401291948758181 0.8193778980934923 
-0.12045477359908578 0.6475355854481987 , 0.346737675666491 0.8046110214112295 , 0.41549209287836597 0.8299876143103778 
-0.12071217257416544 0.6406540389591615 , 0.33668476141234116 0.8023104672414006 , 0.4258024061075954 0.839169714969244 
-0.12032707439837219 0.6340021795707594 , 0.3295790667944569 0.8012515381870882 , 0.4325230025496864 0.8468805034119584 
-0.11930532075991343 0.6275903862086706 , 0.3251057044224498 0.8013866592945691 , 0.4359746112832347 0.8531571756665663 
-0.11765259490634472 0.6214290977372814 , 0.323058366538335 0.8026837164419385 , 0.4363692233137808 0.8580214069905862 
-0.11537480695818954 0.615528719320069 , 0.32334744847536045 0.8051512448275122 , 0.43380235342860013 0.8614542570222249 
-0.11247822285582491 0.6098995669558918 , 0.32599306331268857 0.8088491986432992 , 0.42826015448890736 0.8633854555706152 
-0.10896939577007711 0.6045518742391965 , 0.33112101703456853 0.8139002406639094 , 0.41962337368127955 0.8636821062667002 
-0.10485489200331852 0.5994959062923657 , 0.3389490260367801 0.8205010642852164 , 0.4076808609123094 0.8621372505922241 
-0.10014073217754288 0.5947422644546119 , 0.3496894266551775 0.8289031262070955 , 0.39222630046813634 0.8584888305080989 
-0.09483136853716605 0.5903025319933424 , 0.3630815614156519 0.8392065445039582 , 0.37352480206728506 0.8526251446725057 
