0.9967969019863098 0.5004992323756464 , 0.05007083203811802 0.6013917700896839 , 0.9240667351797909 0.9517443339859403 
1.0098921176727045 0.4904837605800086 , 0.04493236754994779 0.6073942907701791 , 0.9161099839815665 0.9557572851010829 
1.022801728870194 0.48088852436699553 , 0.040001033470873665 0.6134257496418375 , 0.908131706863151 0.9593210624424376 
1.0355214676379105 0.4716847659096023 , 0.03527352578942947 0.6194854902119579 , 0.9001394757768788 0.9624650803297105 
1.048048913695631 0.46284648896874014 , 0.03074693224839071 0.6255729987714983 , 0.892138623260197 0.9652158487110322 
1.0603830537651249 0.45435016636576253 , 0.026418709944849142 0.6316878799738109 , 0.8841327054942448 0.9675972901116972 
1.0725239427851152 0.4461744706922126 , 0.022286664791174644 0.6378298364173729 , 0.876123861627929 0.9696310293416851 
1.084472443005505 0.4383000310131114 , 0.018348932980885226 0.6439986515197267 , 0.8681130932178285 0.9713366539184325 
1.0962300226919737 0.4307092156381972 , 0.014603964502728052 0.6501941750884186 , 0.860100482009517 0.9727319457246547 
1.1077986005549063 0.4233859396063863 , 0.01105050868455974 0.6564163110957815 , 0.8520853599647527 0.9738330857491027 
1.119180425345184 0.41631549484551905 , 0.007687601713491299 0.6626650072488572 , 0.8440664421455433 0.9746548343568942 
1.1303779825774056 0.4094844007203443 , 0.004514556061595145 0.6689402460153734 , 0.8360419305652179 0.9752106897155527 
1.14139392224366 0.4028802726766077 , 0.001530951741315611 0.6752420368234778 , 0.8280095952192431 0.9755130269511849 
1.1522310028192402 0.3964917068134721 , -0.0012633706824632007 0.681570409198848 , 0.8199668370674417 0.9755732204389503 
1.16289204795089 0.39030817840229143 , -0.0038683153886705708 0.6879254066395709 , 0.8119107366419991 0.9754017514094081 
1.1733799130451454 0.38431995257747464 , -0.006283534958062854 0.6943070810583307 , 0.8038380911171359 0.9750083028154651 
1.1836974596041536 0.37851800563267224 , -0.008508432432563742 0.7007154876441792 , 0.7957454420326286 0.974401843174419 
1.1938475356376808 0.3728939555510913 , -0.010542161799971451 0.7071506800134919 , 0.7876290953665092 0.9735907008866873 
1.2038329608492144 0.3674400005769093 , -0.012383626911256617 0.7136127055324064 , 0.7794851352662607 0.9725826303419548 
1.213656515578307 0.36214886479361275 , -0.0140314788196966 0.7201016007016834 , 0.7713094324456081 0.9713848709559744 
1.223320932700985 0.3570137498147564 , -0.01548411151190875 0.7266173864999308 , 0.7630976480151422 0.9700042001365834 
1.2328288918604486 0.35202829181429784 , -0.01673965598027639 0.7331600635827449 , 0.7548452333240464 0.9684469810542279 
1.2421830155329632 0.3471865232289793 , -0.017795972564010568 0.7397296072336517 , 0.7465474262352659 0.9667192059886397 
1.251385866537514 0.34248283855602996 , -0.018650641461753176 0.7463259619577397 , 0.7381992441284577 0.964826535937501 
1.2604399466790723 0.3379119637475547 , -0.01930095129168862 0.752949035600379 , 0.7297954738168347 0.9627743371033369 
1.2693476962792671 0.3334689287700487 , -0.019743885544956728 0.7595986928610622 , 0.7213306584699081 0.9605677148201598 
1.2781114943987066 0.3291490429550514 , -0.0199761067439752 0.7662747480556639 , 0.712799081549487 0.9582115454405554 
1.2867336595951309 0.32494787281638815 , -0.019993938078144945 0.7729769569585271 , 0.7041947476872324 0.9557105066763554 
1.2952164510932636 0.32086122205191053 , -0.019793342244181302 0.779705007527742 , 0.6955113603551359 0.9530691068716182 
1.3035620702674504 0.3168851134841648 , -0.019369897165591378 0.7864585092814126 , 0.6867422961023592 0.9502917136856933 
1.3117726623582762 0.31301577272586356 , -0.018718768203888663 0.7932369810478268 , 0.6778805750498308 0.9473825826775805 
1.3198503183604275 0.309249613383154 , -0.017834676400890783 0.8000398367558774 , 0.6689188272446815 0.9443458863122394 
1.3277970770319338 0.30558322363311186 , -0.016711862204273408 0.8068663688607306 , 0.6598492543765578 0.9411857439574284 
1.3356149269852349 0.30201335403217994 , -0.015344044024209472 0.813715728909478 , 0.6506635862431928 0.937906253509613 
1.3433058088288121 0.29853690642988284 , -0.013724370843362572 0.8205869046368997 , 0.6413530312187687 0.9345115253844885 
1.3508716173347708 0.2951509238774772 , -0.011845367950665814 0.8274786928352189 , 0.6319082198201134 0.9310057197385748 
1.3583142036131137 0.29185258143457793 , -0.009698874684853283 0.8343896670540772 , 0.6223191402759579 0.9273930879626158 
1.3656353772777376 0.2886391777885254 , -0.007275972848642099 0.8413181389446741 , 0.6125750647751228 0.9236780197180715 
1.3728369085926284 0.2855081276115755 , -0.004566904178755077 0.8482621117470669 , 0.6026644647903449 0.9198650970926286 
1.3799205305894788 0.2824569545901237 , -0.0015609749180216003 0.8552192240072215 , 0.5925749135327609 0.9159591578539258 
1.3868879411501283 0.27948328506830117 , 0.0017535548821882943 0.8621866810661574 , 0.5822929731719015 0.9119653703168125 
1.3937408050489295 0.27658484225558516 , 0.005389600217588944 0.8691611711392997 , 0.5718040639376996 0.9078893230563861 
1.4004807559514416 0.2737594409546955 , 0.009361401672489562 0.8761387618318895 , 0.5610923115802867 0.9037371336646859 
1.407109398366791 0.2710049827721564 , 0.013684701966237004 0.8831147716188208 , 0.5501403688711898 0.8995155820602937 
1.4136283095516513 0.2683194517796322 , 0.018376953800179757 0.8900836090143189 , 0.5389292058523868 0.8952322756573198 
1.420039041364075 0.26570091059964696 , 0.023457565498587806 0.897038569663791 , 0.5274378623415549 0.8908958561878328 
1.4263431220653369 0.2631474968947312 , 0.028948192388605527 0.9039715781049761 , 0.5156431547502753 0.8865162614515636 
1.4325420580674526 0.26065742024459565 , 0.03487308358469488 0.9108728560174802 , 0.5035193275520703 0.882105060189195 
1.4386373356230147 0.25822895940183493 , 0.04125949579857974 0.9177304917285701 , 0.49103763778262344 0.8776758853208659 
1.4446304224522228 0.2558604599232031 , 0.04813818783854143 0.9245298755305587 , 0.4781658589134536 0.8732450009975092 
1.4505227692991887 0.2535503321810541 , 0.055544011191910776 0.9312529503916128 , 0.46486768871311845 0.8688320538786041 
1.456315811405236 0.2512970497686141 , 0.06351661256138058 0.9378772054236659 , 0.4511020452376015 0.864461081258991 
1.4620109698802044 0.24909914832405383 , 0.07210126136522374 0.9443743061386719 , 0.4368222379587898 0.8601618819885453 
1.4676096529423566 0.24695522481283463 , 0.08134980451152747 0.9507082050741494 , 0.4219750117503339 0.8559719065642869 
1.4731132569812104 0.24486393732687678 , 0.09132172258061352 0.9568324996674132 , 0.406499489642394 0.8519388994569809 
1.4785231673718378 0.2428240054846101 , 0.10208519528670115 0.9626866881304467 , 0.3903261065456791 0.8481246428362141 
1.483840758927708 0.24083421155035364 , 0.11371793555663737 0.9681908020847403 , 0.37337577471987254 0.8446103228161771 
1.4890673958115255 0.23889340243752608 , 0.12630722611971776 0.9732376555407839 , 0.3555598472729746 0.841504278472961 
1.4942044306118112 0.23700049281989521 , 0.13994789012656256 0.9776816730323519 , 0.33678214846584403 0.838953170599024 
1.499253202107513 0.2351544696455109 , 0.15473544465220318 0.9813231405823584 , 0.31694582244450176 0.8371577262234018 
1.504215030938074 0.2333543984090184 , 0.1707487169290855 0.9838875096005467 , 0.2959707213370584 0.836393428441706 
1.5090912119182673 0.23159943151864246 , 0.18801105133420234 0.9850034015811066 , 0.2738322059517482 0.8370325033515221 
1.5138830010879338 0.22988881879101614 , 0.2064139109773757 0.9841958836662795 , 0.25063755713890823 0.8395506339939754 
1.5185915950826832 0.2282219190445905 , 0.22559635525525534 0.9809402656842304 , 0.22674651886627933 0.8444731517224502 
1.5232181013402522 0.2265982092171433 , 0.24484090013878965 0.9748444644028689 , 0.20287546772517592 0.8521926628312589 
1.5277635026826093 0.22501728370994895 , 0.2631682458361596 0.9659309318902353 , 0.18000272068544887 0.8626871208510869 
1.5322286290260156 0.22347883644567168 , 0.27971932948045813 0.9547394166701713 , 0.15898651069774403 0.8754170833354281 
1.5366141513440787 0.2219826276933748 , 0.294085032907747 0.9420615098062657 , 0.14023528495239213 0.8895911989516305 
1.5409205991046588 0.22052844874831745 , 0.30627910969743094 0.9286046311951077 , 0.1237347604021281 0.9045022565078458 
1.545148388853986 0.2191160954379454 , 0.3165313284465207 0.9148613670125031 , 0.10925475190371096 0.9196578740008224 
1.5492978524997325 0.21774535243578777 , 0.3251274472583465 0.9011328957509677 , 0.09650916944613867 0.9347570882645155 
1.5533692605051184 0.21641598560099357 , 0.3323354337421086 0.8875904586575336 , 0.08522977495699069 0.9496288921927438 
1.5573628394804375 0.21512773918444678 , 0.3383829739425118 0.8743259877167979 , 0.0751886557812683 0.9641816095500264 
1.56127878513344 0.21388033570602308 , 0.34345639068737915 0.8613850255110247 , 0.06619929338339843 0.9783699752342234 
1.5651172717239625 0.21267347720240298 , 0.3477063681020343 0.8487864484055758 , 0.058110829378220666 0.9921754108432924 
1.568878458969166 0.21150684712149834 , 0.35125477212210504 0.8365339690974649 , 0.05080123811294647 1.005594520232308 
1.572562497101133 0.21038011247092053 , 0.35420071137977505 0.8246228132519856 , 0.04417126072330955 1.018632410728365 
1.576169530578617 0.20929292601105143 , 0.356625436400647 0.8130436085967265 , 0.038139502224953624 1.0312988018434932 
1.5796997008089246 0.20824492838349173 , 0.35859615629399666 0.8017846611517361 , 0.032638612101296274 1.0436057469160434 
1.583153148133672 0.20723575012055567 , 0.36016897293288114 0.7908332898911339 , 0.027612348137664392 1.0555662964395816 
1.5865300132611868 0.2062650135116323 , 0.36139113192001737 0.7801766056194244 , 0.023013324023013492 1.0671937173202144 
1.5898304382789115 0.20533233431877318 , 0.36230275548583885 0.7698019583399586 , 0.018801275439467358 1.0785010437925393 
1.593054567344429 0.2044373233428402 , 0.36293818508801423 0.7596971852828576 , 0.01494171677177434 1.0895008278255733 
1.5962025471290116 0.20357958784627303 , 0.36332702975577497 0.7498507385428331 , 0.011404892319430931 1.100205010062165 
1.5992745270697624 0.20275873284086474 , 0.3634949915761328 0.740251740076153 , 0.008164950558322306 1.1106248635342535 
1.6022706594733773 0.2019743622499038 , 0.36346452128085677 0.7308899932391457 , 0.005199288449983363 1.1207709809622217 
1.6051910995048821 0.2012260799542496 , 0.3632553433184718 0.7217559688451319 , 0.0024880263808635533 1.1306532876518898 
1.608036005087432 0.20051349073169544 , 0.36288487985412876 0.7128407768664646 , 1.3584262656747993e-05 1.1402810688531113 
1.6108055367337377 0.19983620109854028 , 0.362368595855695 0.7041361306733576 , -0.002239663385215178 1.1496630046793737 
1.6134998573254273 0.19919382006174843 , 0.36172028206645557 0.6956343080584116 , -0.004285670187665482 1.1588072083311114 
1.6161191318533485 0.19858595978949647 , 0.3609522887015461 0.6873281116347432 , -0.00613695135067727 1.1677212650270319 
1.6186635271292178 0.19801223620732222 , 0.36007571975394226 0.6792108301468449 , -0.007804777678942631 1.1764122700971045 
1.621133211476969 0.19747226952652636 , 0.3591005955821692 0.6712762015701028 , -0.009299337854920762 1.1848868653546425 
1.6235283544105104 0.1969656847109412 , 0.35803598977907414 0.6635183784564874 , -0.010629874985367138 1.193151273283843 
1.6258491263032786 0.19649211188767982 , 0.35689014504737543 0.6559318957219716 , -0.01180480214643664 1.2012113288416202 
1.6280956980539099 0.19605118670701338 , 0.3556705718307929 0.6485116409096561 , -0.012831800680485379 1.2090725088346022 
1.630268240751482 0.19564255065609454 , 0.3543841326947941 0.6412528268655778 , -0.013717904242058538 1.2167399589295993 
1.632366925343068 0.19526585133084912 , 0.353037114863732 0.6341509667086489 , -0.014469571002582473 1.2242185184117738 
1.634391922305763 0.19492074266999454 , 0.35163529286110656 0.6272018509471604 , -0.015092745962652174 1.2315127428341168 
1.636343401324865 0.19460688515480934 , 0.35018398283692076 0.6204015265820745 , -0.015592914957568444 1.238626924714388 
1.638221530979496 0.19432394597797226 , 0.3486880898782538 0.613746278035554 , -0.015975151653532492 1.2455651124377456 
