0.9424591745842544 0.14883392645563265 , 0.5222698801092843 0.3567469095500949 , 0.40118811683921496 0.4815619293149416 
0.940750535016814 0.15901738347201347 , 0.5109097603105737 0.34480632126470895 , 0.414256876205366 0.48331906058394675 
0.9384361559507238 0.16950201742082896 , 0.49866308424517314 0.3345281140737442 , 0.42881793133685675 0.483112633826096 
0.9354965034209874 0.18027609077537027 , 0.4858303198438103 0.32619238175123816 , 0.4445903482679559 0.48067429279406076 
0.931912018090587 0.19133019969076376 , 0.47278124593404763 0.32003054374162115 , 0.4612239075081191 0.4757820218882843 
0.9276610241297661 0.20265845922802703 , 0.45994798661739306 0.31619940795215434 , 0.4783081607855945 0.4682848981404878 
0.9227169854324205 0.21425923123142113 , 0.44780834685482374 0.31475674195977665 , 0.49539183924550945 0.4581267921294714 
0.9170452135956659 0.226135238736724 , 0.43685912157859075 0.31564291574896763 , 0.512012836358497 0.4453646108349775 
0.9105990932056306 0.23829289215861874 , 0.42758145242516393 0.31867339953227114 , 0.5277366259019592 0.4301764736297793 
0.9033158775532167 0.2507405420334084 , 0.42040300100598865 0.3235457567271237 , 0.5421982929735483 0.4128564665601371 
0.8951122083030053 0.26348517845118824 , 0.4156636975184521 0.3298620852560701 , 0.5551412657112962 0.39379550161341087 
0.885879824041921 0.27652688390931973 , 0.413592061703415 0.3371642050197282 , 0.5664452857874176 0.37345167639162125 
0.8754825265598701 0.2898502840387254 , 0.41429713814870683 0.3449755315872745 , 0.5761375068241767 0.35231694969466926 
0.863756328624099 0.30341266057617666 , 0.41777750678763287 0.35284184442114414 , 0.5843833361210219 0.3308882603233484 
0.8505154162566192 0.31712973658276267 , 0.4239449425877188 0.36036369398530316 , 0.5914568126884158 0.30964933475260337 
0.8355661337715904 0.33086257935221397 , 0.4326574672592264 0.36721568808959304 , 0.597693570501937 0.28906449787886224 
0.8187283397238333 0.3444116464189532 , 0.4437556003635483 0.3731514149484831 , 0.6034332314453723 0.26957970395323294 
0.7998580018686667 0.3575241893420224 , 0.45709678651309243 0.3779961990617359 , 0.6089623831509947 0.2516223769169109 
0.7788594735255667 0.3699165366135095 , 0.472585971733529 0.38163232353604243 , 0.6144717262736581 0.23559390517111733 
0.7556748069560187 0.38130434423523685 , 0.49020460932169957 0.3839824272457229 , 0.6200377552550356 0.2218559938397095 
0.730241135123833 0.39142688359701894 , 0.5100457784672215 0.3849973696565616 , 0.6256302579416992 0.21071851206708866 
0.7024092925151176 0.40004773767895624 , 0.5323700708390199 0.38465850610193264 , 0.6311378081786163 0.2024365215397804 
0.6718164505084434 0.406900806830406 , 0.5576998250440045 0.3830231723596543 , 0.636400895980306 0.19721878613060898 
0.6378016238036612 0.41147909758107853 , 0.5868676878131933 0.38041998294101337 , 0.6412478599158994 0.19524368479857743 
0.6005862417480602 0.4124915307697737 , 0.6197910926157445 0.37798091259219674 , 0.6455398371689492 0.19667032195869893 
0.5652329605724291 0.40920584829334444 , 0.6514527458220309 0.3763226110668415 , 0.6492314651382939 0.2016143059604834 
0.533871362177152 0.4032077454181408 , 0.6796648918821528 0.3738282065914741 , 0.6523809174734491 0.21010681331105446 
0.5058227620985021 0.3954279492349327 , 0.7049692803849801 0.36959407254126475 , 0.6551251290492718 0.22212074354447198 
0.48049759098365696 0.3863055358152478 , 0.7277228103712381 0.3632604009899583 , 0.6576967701778589 0.2375768285154633 
0.45756830279076377 0.37613393380717347 , 0.7478855088379844 0.3547103575363976 , 0.6604633599040057 0.2562984739770983 
0.4368441381569368 0.36517444529778187 , 0.7651175054488042 0.3440553307000544 , 0.663955527927013 0.27791298932283315 
0.4181754583643613 0.35368357086334506 , 0.7789212642406742 0.331738900278888 , 0.6688204489277184 0.3017202941784363 
0.40139854776382417 0.3419007133368189 , 0.7888892416943283 0.31860479759766613 , 0.6756293820746015 0.3266372543861844 
0.3863213282277177 0.3300205690540677 , 0.7949857179313012 0.30573876696593605 , 0.684610125373735 0.3513834293006657 
0.37274149629223496 0.31817611545204144 , 0.7976162493729881 0.2941126801012659 , 0.6955594258675307 0.37485396976736207 
0.36047254176126964 0.30644371365254736 , 0.7974294517369612 0.28434192626563526 , 0.708015178034523 0.3963571254024868 
0.3493585376426908 0.294860606353357 , 0.7950841272065376 0.27669419467572365 , 0.7214745066835254 0.4155879642915888 
0.33927624273822515 0.28344186245120206 , 0.7911340144415726 0.27121332393062597 , 0.7355069143529561 0.4324875789388414 
0.3301307631631988 0.2721918830339086 , 0.7860091216869046 0.2678304076113474 , 0.7497772866826505 0.44712047467541344 
0.3218496396976456 0.2611110194947699 , 0.7800359293049279 0.2664308297151668 , 0.7640316025301803 0.4596009161107328 
0.31437745526208727 0.2501990673308309 , 0.7734643487010624 0.26688787746384124 , 0.7780753675696042 0.4700558205259973 
0.3076714868278263 0.23945700908550907 , 0.7664906900047694 0.26907749845800644 , 0.7917549947001581 0.478608257777154 
0.3016983333809081 0.22888782185369905 , 0.7592749238369512 0.27288365514549917 , 0.8049439143148945 0.4853712883214713 
0.2964313063290453 0.2184967818667465 , 0.7519531710788203 0.27819930638044565 , 0.8175326941248883 0.4904466770734774 
0.2918483802578885 0.20829148081871804 , 0.7446467265108946 0.28492548166310316 , 0.8294220647639707 0.4939258028388484 
0.2879305538994392 0.1982816542236866 , 0.7374686827904993 0.29296960157760743 , 0.8405179348428153 0.4958915095193756 
0.28466052478342124 0.18847886626675758 , 0.7305289056517228 0.3022435549126818 , 0.8507277410976098 0.49642034414123026 
0.2820216255175647 0.17889607287258782 , 0.7239378542339665 0.3126617272359263 , 0.8599576917812227 0.4955849652121555 
0.2799970024954501 0.16954708147878275 , 0.7178095566540428 0.32413901187576954 , 0.868110612383261 0.4934566719661173 
0.27856903825850216 0.16044593428970266 , 0.7122639260372972 0.33658873652238164 , 0.8750842072369546 0.4901080945085853 
0.2777190262520172 0.15160625551801382 , 0.7074285179703809 0.34992036612846333 , 0.8807696273103558 0.4856161436741924 
0.2774271017445153 0.14304061651426364 , 0.703439768044792 0.3640367768615853 , 0.8850503017434466 0.4800653719448207 
0.27767241759555716 0.1347599803201206 , 0.7004436858441551 0.37883082903029885 , 0.8878010680930417 0.4735519559702502 
0.2784335330681928 0.12677328517871062 , 0.6985958896669402 0.3941808980473854 , 0.888887748797621 0.46618858209457364 
0.2796889642268471 0.11908721395883036 , 0.6980607022005104 0.4099449578614348 , 0.8881675051053965 0.4581105935004045 
0.2814178315061379 0.11170617591169492 , 0.6990087316543424 0.4259527746520403 , 0.8854906083722737 0.4494838147569345 
0.28360053711959754 0.1046325040132883 , 0.7016118567849312 0.4419958283290315 , 0.8807047776282252 0.4405144329783499 
0.2862194115755044 0.0978668513330055 , 0.7060337361603739 0.457814905295845 , 0.8736640237968757 0.43146100869181925 
0.28925928037009735 0.09140875760282033 , 0.7124128703503808 0.4730862656846237 , 0.8642450208122758 0.42264774203322575 
0.29270791211607267 0.08525735294802297 , 0.7208342080148472 0.487409543944431 , 0.8523750514018341 0.4144758684282159 
0.2965563105483145 0.07941216531504537 , 0.7312856372898673 0.500304892691493 , 0.8380752236945723 0.40742570731413147 
0.30079879997799674 0.07387399202425918 , 0.7436006477824548 0.5112330571707979 , 0.8215177237723025 0.40203571612561284 
0.3054328300350615 0.06864577074023386 , 0.7574023226499247 0.5196553649770415 , 0.8030820188477679 0.3988416296033947 
0.3104584128493685 0.06373333195689118 , 0.77208461513859 0.5251387191175436 , 0.7833741435447955 0.3982707142462353 
0.31587714986298 0.05914585071273584 , 0.7868724175698701 0.5274741480256258 , 0.7631676040999038 0.4005227665823085 
0.3216909433881081 0.054895802785450844 , 0.8009608069615414 0.5267416800448288 , 0.7432654211831045 0.40550528249039053 
0.327900671342902 0.0509983419874962 , 0.8136671083273291 0.523275267214011 , 0.7243493918625228 0.4128691561191631 
0.3345051871293706 0.047470226744218025 , 0.8245175235598985 0.517554690259336 , 0.7068944608434848 0.42211784831711624 
0.34150089775053943 0.04432859651726747 , 0.8332492282268613 0.510092614822128 , 0.6911670455553531 0.43272155398127476 
0.34888195021951984 0.041589919545615577 , 0.8397625590372627 0.5013608313707818 , 0.6772726622759714 0.4441920144042728 
0.3566408704195916 0.0392693219214371 , 0.8440633252991848 0.4917592913005968 , 0.6652129758139775 0.4561141520986363 
0.3647694278154955 0.03738035844779542 , 0.846215990029338 0.4816128237313438 , 0.6549317536879204 0.46814958314153104 
0.3732595272994177 0.03593517352534864 , 0.8463121061019472 0.47118059713265137 , 0.6463455381313891 0.48002699466267024 
0.38210400192400823 0.03494494983614005 , 0.8444513265402558 0.4606692569262607 , 0.63936184306849 0.4915285585582695 
0.39129725259809556 0.03442054232926004 , 0.8407309792492836 0.45024555846180475 , 0.6338889396853749 0.5024766645296055 
0.4008357317580214 0.03437322208692852 , 0.8352409491934908 0.4400470733356717 , 0.6298404905812419 0.51272246989807 
0.4107182944804171 0.03481549008653716 , 0.828061694375228 0.43019080265222776 , 0.6271371826771089 0.5221364725819054 
0.42094644767071365 0.03576195418068535 , 0.8192640939770556 0.4207799925032947 , 0.6257066298849847 0.5306008186366903 
0.4315245221687233 0.037230290322367285 , 0.8089104273871401 0.4119095512219429 , 0.6254822219768905 0.5380029237763602 
0.4424597778463151 0.03924233155359931 , 0.7970561841761905 0.4036704304907052 , 0.6264012095102482 0.5442300032763658 
0.45376242857358823 0.041825346959710484 , 0.7837526930302472 0.3961532430478101 , 0.6284020499289183 0.5491641753131499 
0.4654455391615699 0.045013587758548274 , 0.7690508024695197 0.38945127380459665 , 0.6314208299016641 0.5526779037575255 
0.47752469319791185 0.04885018504324646 , 0.7530061014380889 0.38366288795734466 , 0.635386376896753 0.5546296923200793 
0.4900172491781483 0.05338947115000895 , 0.7356864681298861 0.3788931110779591 , 0.6402134542247193 0.5548601830927025 
0.5029408836669513 0.05869973601623561 , 0.7171830746241737 0.3752537861321384 , 0.6457932132416287 0.5531892431722966 
0.516310971536785 0.0648662673543368 , 0.6976262367000314 0.37286111246461046 , 0.6519799632959374 0.5494153855017233 
0.5301362378666392 0.07199417859473826 , 0.6772072967829049 0.3718284821624083 , 0.6585736368832097 0.543320104563524 
0.5444122312940202 0.08020994538477691 , 0.6562061580717 0.37225150719590455 , 0.6652987821670335 0.5346813127399892 
0.559112913782005 0.08965991510305317 , 0.6350196752927004 0.37418180691348557 , 0.6717845824580482 0.523301043304132 
0.5741824342824211 0.10050409709068889 , 0.6141780656163192 0.37758857772418686 , 0.6775566716340133 0.509050090505795 
0.5895314162181315 0.11290575611906635 , 0.5943288042241853 0.3823148072660297 , 0.6820569510904367 0.49192220193557473 
0.6050422260206588 0.12702231500748634 , 0.5761724440316073 0.3880466192711938 , 0.6847025014804875 0.47207383104199063 
0.6205828129401669 0.14300766458761976 , 0.5603621938756338 0.3943178518234229 , 0.6849721647169529 0.44981724890962815 
0.636021080525672 0.1610352852689965 , 0.5474102677408516 0.4005549153214969 , 0.68248582326623 0.42555256473017744 
0.6512272545636816 0.181347759715285 , 0.5376414469301415 0.4061405823112528 , 0.6770484700389304 0.3996544232941331 
0.6660459465367291 0.20433972716708076 , 0.5311981172010695 0.4104684407407697 , 0.6686731077949549 0.3723345974128204 
0.6801820515008495 0.23067634532724599 , 0.5280721378511695 0.4129780675682847 , 0.6576629821807345 0.3434883524251402 
0.6927926948112417 0.2612646271393577 , 0.5281402475586504 0.4131858093923764 , 0.6449842291628612 0.3126923287889368 
0.701667767732999 0.29570064918027456 , 0.5312077376629533 0.41074407441530963 , 0.6330416661368011 0.28069804172508683 
0.7053572282415829 0.3302767500020911 , 0.5371153776263303 0.40553371941597166 , 0.6234445656648401 0.25133229590260825 
0.7048646337221178 0.363397272225464 , 0.54587897437274 0.39766524988972723 , 0.6151735634378953 0.22608024320547984 
