0.6975194346586442 0.313251722052723 , 0.29249092163085566 0.17144626111855676 , 0.01267844816480379 0.680983642729776 
0.6901585181279764 0.3150092440291294 , 0.29786330563701524 0.16101139235733516 , 0.01466698068931206 0.6896609895145912 
0.6821718890660349 0.3166565477908869 , 0.30359244529572804 0.15100123613889488 , 0.016924470092540753 0.698023841971274 
0.673548807431414 0.3181707771239762 , 0.3096971135061738 0.14143000934288905 , 0.01944288351671582 0.7060808394341905 
0.6642778491979324 0.3195266709744983 , 0.316195380675509 0.13231576141706627 , 0.022215574580862145 0.7138391935094912 
0.6543469877306897 0.32069608177926073 , 0.323104724754373 0.12368076743681164 , 0.025237091969240913 0.7213047766849834 
0.6437437398819442 0.3216473968738425 , 0.330442046609011 0.11555203929224657 , 0.028503017963348393 0.7284821897349667 
0.6324554052710487 0.3223448426458518 , 0.3382235706221495 0.10796197281443078 , 0.032009828561105395 0.7353748104407731 
0.6204694400230218 0.3227476482351879 , 0.3464645963792644 0.10094915169380246 , 0.035754768052017355 0.7419848259720653 
0.6077740247151271 0.32280904404996275 , 0.35517904810354844 0.09455933053471915 , 0.039735731635628116 0.7483132513163738 
0.5943589127745198 0.322475072237029 , 0.3643787416811566 0.08884661718635341 , 0.043951149998627224 0.7543599364776733 
0.5802166830865524 0.3216831955242134 , 0.37407225155798035 0.0838748644882734 , 0.04839986980977093 0.7601235658885689 
0.565344572419169 0.32036071499927793 , 0.3842632080527259 0.07971925617615173 , 0.05308102398240869 0.765601654725626 
0.5497471317041285 0.31842305980629293 , 0.3949477872549534 0.07646801735675722 , 0.057993885495221754 0.7707905487380056 
0.5334400326922446 0.3157721153582914 , 0.40611107286614434 0.07422407360339506 , 0.06313769889591464 0.7756854369393692 
0.5164554316427561 0.3122949479130344 , 0.4177218878996778 0.07310628787547292 , 0.06851148491186967 0.7802803901125483 
0.49884932518093406 0.3078636124715862 , 0.42972566252598526 0.07324957115430215 , 0.07411381674738422 0.7845684422751673 
0.4807111932286599 0.3023372460289739 , 0.4420350383379303 0.07480264374548837 , 0.07994257288771335 0.7885417361265935 
0.4621756837692636 0.29556833261816373 , 0.45451843880486603 0.07792153837710303 , 0.08599468188017391 0.792191754905789 
0.4434347975305809 0.2874156392754277 , 0.4669881167321959 0.08275632846898877 , 0.09226589019152673 0.7955096581566393 
0.424746678266974 0.2777661234850852 , 0.47919152338158283 0.08942878019436552 , 0.09875060280574677 0.798486722221605 
0.4064341304043512 0.2665657138378431 , 0.4908128136336505 0.09800105857252954 , 0.10544186041630184 0.8011148534906831 
0.3888646629208483 0.25385304436921224 , 0.501492628366213 0.10844148492197017 , 0.11233151316724226 0.8033870966098734 
0.3724084043285998 0.23978264661493784 , 0.5108697856103862 0.12060095966884303 , 0.11941061451531756 0.805298019617275 
0.3573824739946078 0.22462179210625 , 0.5186363396111563 0.13421597787425188 , 0.12666999084853944 0.806843855920554 
0.34400281919193415 0.20871550567455704 , 0.5245851115673181 0.14894377883081836 , 0.1341008736950513 0.8080223413956804 
0.3323636669731268 0.1924325813891847 , 0.5286296795512195 0.16441676207844713 , 0.1416954579299572 0.808832282433424 
0.32244870467004516 0.17611521562886637 , 0.5307928103104146 0.1802934420920736 , 0.14944728947384378 0.8092729681801158 
0.3141618371967906 0.16004801875085914 , 0.5311755087522432 0.19629005282112366 , 0.1573514585052698 0.809343554329073 
0.30736142843947245 0.14444830503331693 , 0.5299227437454976 0.21219081464547374 , 0.1654046322693334 0.8090425062222651 
0.30188789100438806 0.12947084575753637 , 0.5271959294221988 0.22784364529017087 , 0.17360498402771657 0.8083671348533485 
0.2975817932138923 0.11521911173687638 , 0.5231549417324373 0.24314929487478507 , 0.181952069507974 0.8073132192893944 
0.29429383923234337 0.10175759229994268 , 0.5179482792477798 0.25804934424561443 , 0.19044668597418035 0.8058746893554987 
0.29188927487455685 0.08912259182433657 , 0.5117087966383329 0.2725156969862032 , 0.19909073294141366 0.804043337090516 
0.2902489795600929 0.07733072575496336 , 0.5045527433164539 0.2865423733747769 , 0.20788708157775665 0.8018085267713155 
0.2892688174565936 0.06638521489310617 , 0.4965805351217046 0.30013953494977463 , 0.21683945187600526 0.799156876058175 
0.28885820836647746 0.056280382157650424 , 0.4878783048298231 0.3133293612706591 , 0.22595229125800287 0.7960718824727463 
0.2889384532544803 0.047004791079105726 , 0.47851970740528854 0.3261433658774369 , 0.2352306437945346 0.7925334689445132 
0.2894410875054997 0.03854340032613188 , 0.46856772272015873 0.3386208064296734 , 0.24467999422864503 0.7885174191452505 
0.2903063859551646 0.03087902236360658 , 0.4580763544819549 0.35080793604190624 , 0.2543060640171839 0.783994667495543 
0.29148206402068694 0.02399329691657889 , 0.4470922146000215 0.3627579292783822 , 0.26411452583359496 0.7789303997060948 
0.29292217943995835 0.017867329224108594 , 0.4356560393091414 0.37453138964669797 , 0.2741105857052037 0.7732829070302493 
0.2945862212033771 0.012482098546269527 , 0.4238042294524258 0.38619740670266767 , 0.28429835379850055 0.7670021206521186 
0.2964383658552966 0.00781871096265049 , 0.4115705602330444 0.3978351828243905 , 0.29467987836596243 0.7600277321140148 
0.2984468806948658 0.003858548945303816 , 0.3989882840953262 0.40953629290211796 , 0.3052536396641114 0.752286784053634 
0.3005836554288991 0.0005833558881506713 , 0.3860929795643516 0.42140766796345286 , 0.3160121694610527 0.7436906020494523 
0.30282384691157505 -0.0020247151273681194 , 0.3729267185059445 0.4335753813680489 , 0.3269382390367839 0.734130959660375 
0.3051456249189651 -0.003983063687061054 , 0.3595444968509787 0.44618919434239984 , 0.33799868268435956 0.723475495245717 
0.30753000997312313 -0.005308591698112622 , 0.3460244855952746 0.45942740826100764 , 0.3491343088859056 0.7115628093381607 
0.30996079657960773 -0.006017613280542223 , 0.33248457039617174 0.4735004411046923 , 0.36024343747852383 0.6981987980769057 
0.3124245559562622 -0.006125689537601696 , 0.31910862993901856 0.48864872326955894 , 0.37115561855902257 0.6831585921690986 
0.31491070918983444 -0.00564733802503474 , 0.30618553503893603 0.505124212623533 , 0.38159256022553284 0.6662047513025575 
0.3174116496295595 -0.004595545358876665 , 0.29415629858028325 0.52313377518527 , 0.3911208562444606 0.6471433960746624 
0.31992286248075613 -0.002980992438729649 , 0.28363691695215304 0.5427155704013515 , 0.39912902502139413 0.6259470479384339 
0.3224429308495051 -0.0008109224755418558 , 0.27533207009189037 0.5635605524560948 , 0.40491380351290784 0.6029319959205028 
0.32497325644511377 0.001912279617463852 , 0.2697678601355188 0.5849339907040442 , 0.40794768787367075 0.5788353555795478 
0.3275173751350991 0.005192463488234057 , 0.2670091440156316 0.6059067382285334 , 0.4081622853035726 0.5545824241842884 
0.3300799946834455 0.009040626665606408 , 0.26667950868084034 0.6257437592796263 , 0.40592930109001746 0.530897239955823 
0.3326660646785178 0.01347532099684686 , 0.26822699854931786 0.6440706236638759 , 0.40179574122646766 0.508135681240333 
0.3352800546320944 0.01852290812069718 , 0.2711387571002715 0.6607952421611529 , 0.3962699927219373 0.48636347561920573 
0.33792539671755106 0.024218041679669927 , 0.27501564897511366 0.6759760740291999 , 0.3897477587616385 0.4654875101921861 
0.34060395618349265 0.030604615231208745 , 0.27956886866582636 0.6897315550626422 , 0.3825159796049842 0.445345455607205 
0.3433153762067144 0.03773734748239181 , 0.28459465859230504 0.702193808911979 , 0.37477876965528373 0.42575046950668505 
0.3460561188657245 0.04568420954464919 , 0.2899497612042892 0.7134887394229293 , 0.36668292438428945 0.40650867693347736 
0.3488179424295374 0.05453001079464704 , 0.2955328689196916 0.723728992202735 , 0.3583379931050742 0.3874226229036739 
0.3515853679500172 0.06438165224747874 , 0.30127171077429393 0.7330125526198668 , 0.34983172572999205 0.3682874210337105 
0.3543312908235568 0.07537585413794726 , 0.3071143019032283 0.7414235617414866 , 0.3412432117275181 0.3488822100216222 
0.3570090370002284 0.08769058140844764 , 0.3130230383233171 0.7490338309204966 , 0.3326567291307576 0.32895721357211183 
0.35953724087749855 0.10156176834874994 , 0.3189706883117066 0.7559044092201761 , 0.324180875265098 0.3082154483321301 
0.36176943193421957 0.11730616323281441 , 0.32493764311005463 0.7620869384913705 , 0.31598172941002894 0.2862885241768712 
0.3634297859076374 0.13534326310096226 , 0.33091000490562167 0.7676246789821664 , 0.30834901364104406 0.2627136838179276 
0.3639771316416857 0.1561656669202891 , 0.33687821925810074 0.7725531175866268 , 0.3018334535545167 0.23696284139414026 
0.3623790057300678 0.180015544350013 , 0.3428359980896641 0.7769000296293126 , 0.29747380063457124 0.20876605192173062 
0.3572529167674235 0.20569312278637467 , 0.34877916685954735 0.7806848645645154 , 0.2966567208273323 0.17930363855016623 
0.3486042321756594 0.2301276288405728 , 0.35470384267342486 0.7839180112553578 , 0.2993807296052189 0.1516359858051257 
0.3380159932137304 0.2517745628194989 , 0.3606042403838847 0.7866021043088187 , 0.304068570856688 0.12730495877273867 
0.32666122785391466 0.27089089247143416 , 0.3664717884297828 0.788735050914958 , 0.30955578817060564 0.10605568251466416 
0.3150974694380852 0.28808398500659205 , 0.37229527763782005 0.7903122722904234 , 0.3152960573783979 0.08728536860404082 
0.3035772794143363 0.3038652982083528 , 0.37806119179929126 0.7913279299098834 , 0.32105033324067556 0.07048839778282012 
0.2922215619860738 0.3186135041382122 , 0.3837539769066415 0.7917755948976425 , 0.32671326556158786 0.05529252686520168 
0.2810935449540592 0.33260621606240864 , 0.38935622805418085 0.7916486402472405 , 0.3322390314460631 0.04142676959140732 
0.2702303872163722 0.3460506660385609 , 0.3948488093327605 0.7909404897826242 , 0.3376096079051704 0.028690470079871383 
0.2596574008290436 0.35910523839481817 , 0.400210921541588 0.7896447898111729 , 0.34282048208367155 0.01693159769506549 
0.24939482805286223 0.3718937418566823 , 0.4054201278706063 0.7877555389898383 , 0.34787384853083464 0.00603234505453599 
0.2394612478253521 0.38451486135824126 , 0.41045234406942815 0.7852671977437554 , 0.3527752125595229 -0.004100433200940034 
0.229875376945942 0.39704851267058905 , 0.4152817972939019 0.7821747916912721 , 0.3575316302144592 -0.013541678460804521 
0.22065707539873916 0.40956019258727305 , 0.4198809564496394 0.7784740201753961 , 0.36215077260592454 -0.022352586861612542 
0.21182794638627972 0.42210400337139276 , 0.4242204361415042 0.7741613795258295 , 0.36664042192651924 -0.030583756996165556 
0.20341172780387656 0.43472477488363226 , 0.428268876132662 0.7692343103196384 , 0.37100820051776456 -0.038277459302213976 
0.1954345774549383 0.4474595514766171 , 0.4319927984701393 0.7636913783136272 , 0.37526142852922556 -0.04546930388918755 
0.18792530588166914 0.4603386136589021 , 0.4353564451875011 0.7575324997145703 , 0.3794070533851329 -0.05218948747241556 
0.1809155842863875 0.4733861427951527 , 0.438321600870295 0.7507592229442531 , 0.38345161929762067 -0.05846373983834897 
0.17444013927313218 0.4866205966686674 , 0.4408474065704357 0.7433750809772506 , 0.3874012586107352 -0.06431405174486118 
0.16853693529683517 0.5000548363570732 , 0.44289017488088495 0.735386030587189 , 0.39126169427658297 -0.06975924104320531 
0.16324733659711535 0.5136960257666742 , 0.4444032208417948 0.726800997256829 , 0.3950382470153929 -0.0748153971224463 
0.15861623103710343 0.5275453116550365 , 0.44533673027675547 0.7176325467537056 , 0.3987358431404442 -0.07949623250768507 
0.15469208723406344 0.5415972827951453 , 0.4456376968032854 0.70789770583604 , 0.40235902041695426 -0.08381336273012824 
0.15152690250712852 0.5558392019865248 , 0.4452499718418344 0.6976189541800863 , 0.4059119301053402 -0.08777653026555406 
0.14917598159044212 0.5702500048868026 , 0.44411448909897894 0.6868254056849472 , 0.4093983337648821 -0.09139378467069263 
0.14769746438018821 0.5847990673269448 , 0.4421697464554244 0.6755541871388587 , 0.41282159361869053 -0.0946716285647464 
0.14715149589208829 0.599444761470455 , 0.4393526531492332 0.663852001936295 , 0.41618465541298166 -0.0976151375056928 
