0.13548672342391554 0.6868524343721577 , 0.8654716209044958 0.42618555947017367 , 0.5927956341594828 0.6529654971883866 
0.1363557290730183 0.6838249556095234 , 0.8714722052512203 0.43948549995649633 , 0.5859260441636556 0.6426930354646982 
0.13783374301719672 0.6807045976506733 , 0.8767286907249475 0.4532564691854097 , 0.5791915447457499 0.632042424194635 
0.1399358071780518 0.6774846195497964 , 0.8811980107505484 0.4674547250274669 , 0.5726201605592939 0.6210641464534546 
0.14267825950720733 0.6741569602227228 , 0.8848418188065882 0.4820300184230779 , 0.5662339001740985 0.6098165123849173 
0.1460787739882511 0.6707121581409977 , 0.8876279892005885 0.49692645276654296 , 0.5600472152990543 0.5983648801231772 
0.15015643152337504 0.6671392667704223 , 0.8895318697326312 0.5120837773588136 , 0.5540656772318877 0.586780446901482 
0.15493183485143175 0.6634257594713325 , 0.890537133657495 0.5274390283714032 , 0.5482850099789672 0.5751387031879822 
0.16042728240465726 0.6595574134304698 , 0.8906361191967187 0.5429283719299204 , 0.542690576886518 0.5635177056703278 
0.1666670174253658 0.6555181571999338 , 0.8898296103970772 0.5584889679714552 , 0.537257350665451 0.551996365859329 
0.17367757006385431 0.65128986045006 , 0.8881260886161574 0.5740606706246059 , 0.5319503198078822 0.5406529599560521 
0.18148821217966632 0.6468520371129052 , 0.8855405511046883 0.5895874112831054 , 0.5267252152035393 0.5295640426347074 
0.19013154801137064 0.6421814230958297 , 0.8820930370374586 0.6050181646360393 , 0.5215293934390648 0.518803903298849 
0.199644269741827 0.6372513751170253 , 0.8778070151390929 0.620307460262423 , 0.5163026936069741 0.5084446556512696 
0.21006811628628885 0.6320310143979474 , 0.8727077732728845 0.6354154577993731 , 0.5109780889287207 0.4985570188333975 
0.22145108731015384 0.6264840018915799 , 0.8668209181352713 0.650307641898612 , 0.5054819730424689 0.4892118472405261 
0.23384898305680485 0.6205667699283022 , 0.860171053900801 0.6649542105867501 , 0.4997339415302882 0.4804825105156658 
0.24732736292668403 0.6142259297587555 , 0.8527806722170679 0.679329229144333 , 0.49364594334414214 0.47244833212762954 
0.261964035246378 0.6073943904267034 , 0.8446692590858861 0.6934096060971098 , 0.48712068415563 0.46519949450690484 
0.27785218267262307 0.5999853949690634 , 0.8358526106979287 0.7071739238115708 , 0.4800491851173423 0.4588441722500837 
0.29510410979127033 0.5918830769518216 , 0.826342352821156 0.7206011281836959 , 0.4723075158754677 0.4535192858952004 
0.3138550996009243 0.5829270263155973 , 0.8161456809279992 0.7336690542085953 , 0.4637531979589705 0.44940741050652533 
0.33426506292017044 0.5728863653359528 , 0.8052653899535172 0.7463527433028916 , 0.4542235256142065 0.44676438239187355 
0.3565093208957778 0.5614159637498721 , 0.7937003623285432 0.7586225110066855 , 0.44354429526357303 0.44596501627416035 
0.3807273894920517 0.5479881820107104 , 0.7814468636135651 0.7704417999491759 , 0.43157972538227724 0.44757350907083165 
0.4068235410809235 0.5318338606549079 , 0.7685012862724081 0.7817651461660571 , 0.4184291511345624 0.4524044842097531 
0.4338647105062254 0.5121853674566672 , 0.7548652400572142 0.7925374542269776 , 0.40502402792445436 0.46128066934707335 
0.45943400858408867 0.4895977976473711 , 0.7405529152384883 0.8026975357707364 , 0.3937670546653169 0.47370815761261065 
0.4816148585119423 0.4664932377170111 , 0.7255953726918449 0.8121881498984241 , 0.3865437472841067 0.4873221034152829 
0.5005937568126656 0.44457584491733126 , 0.7100345771948482 0.8209645699011539 , 0.38312564448038017 0.5004630762122331 
0.5171556569452234 0.4243589349786251 , 0.6939138597863675 0.8289942101110496 , 0.382684461756303 0.5126503459410435 
0.5319292882940033 0.40587726397464124 , 0.6772720538912117 0.8362517702206689 , 0.3845526363026789 0.5238744568354081 
0.5453360055896626 0.3890333362097333 , 0.660141286711198 0.8427139833434791 , 0.3882766861870333 0.5342561714775058 
0.5576545623142478 0.3737064051927463 , 0.6425469485187267 0.848355108273405 , 0.39355246765491925 0.543941977564567 
0.5690743897680182 0.35978301595880485 , 0.6245088842167452 0.8531431841391444 , 0.40017070450313047 0.553077290932769 
0.579729004845085 0.3471640124569605 , 0.6060433960074271 0.8570368080556389 , 0.4079815776353818 0.5618026705181188 
0.5897161380779757 0.33576463053813416 , 0.5871660154000095 0.859982222164744 , 0.4168718250099087 0.5702566383278401 
0.5991100060111355 0.32551272280882715 , 0.5678952602484618 0.8619106368927613 , 0.4267487122282966 0.5785801313291299 
0.6079689924315708 0.3163466537179598 , 0.5482577867950826 0.862735957295685 , 0.43752719926124045 0.5869208800170737 
0.6163405920756185 0.30821330393701635 , 0.5282954681194063 0.8623534683284453 , 0.44911791829286907 0.5954367187652568 
0.6242646628769591 0.30106627528448077 , 0.5080748727478295 0.8606406417812634 , 0.46141444286310535 0.6042965739649743 
0.6317755779061197 0.2948642882303559 , 0.4876991185396326 0.8574620565274105 , 0.4742792820421416 0.6136771462729521 
0.6389036085900855 0.28956975488244135 , 0.46732069792431785 0.8526812032557002 , 0.4875296719734905 0.6237525328925769 
0.6456757244892448 0.2851475392186111 , 0.4471512350315361 0.8461817648050235 , 0.500927018967113 0.6346741870070839 
0.6521159248053158 0.2815639599219973 , 0.42746083376998234 0.8378981221872971 , 0.5141772199125958 0.6465414089214242 
0.658245207368292 0.2787861245853032 , 0.40855868848948307 0.8278481148647321 , 0.526950082630119 0.6593692515806832 
0.6640813145853958 0.2767816733335136 , 0.39075275860726805 0.8161533498668071 , 0.5389199052952302 0.6730684678303978 
0.6696384337698807 0.27551893267062355 , 0.3742998580140483 0.803032332346046 , 0.549815686703965 0.6874522260140489 
0.6749270195570767 0.274967363597317 , 0.35936764645195696 0.7887651805157123 , 0.5594593124788604 0.7022709469176891 
0.6799538294015255 0.27509810809614316 , 0.3460241634106438 0.773645976854007 , 0.5677759856757247 0.7172594060805682 
0.6847221608064236 0.2758844510598339 , 0.3342532396211244 0.7579431623681874 , 0.574778578060346 0.7321758776026971 
0.6892322118043844 0.2773020986277974 , 0.3239822355128101 0.7418782567054143 , 0.5805395311706996 0.7468231356975066 
0.6934814755703935 0.27932926275219844 , 0.3151091101235615 0.7256212584266315 , 0.585163392793939 0.7610529698518884 
0.6974651048631131 0.28194659335418804 , 0.3075225067775344 0.7092959292779397 , 0.5887663668472466 0.7747609683985907 
0.7011762136266891 0.2851370124576375 , 0.3011141425647433 0.6929888242909165 , 0.5914636222964617 0.7878776542821644 
0.7046061064897132 0.28888549634603655 , 0.29578526369052616 0.6767584515651076 , 0.5933626083076546 0.8003595431195742 
0.7077444397222825 0.29317883719635046 , 0.291449285254594 0.6606430411809672 , 0.5945602535110175 0.8121816126534008 
0.7105793223819825 0.2980054024170809 , 0.2880322690609397 0.6446665868450838 , 0.5951423870449718 0.8233315017685537 
0.7130973673146781 0.30335490026779344 , 0.28547231686785113 0.6288433344941828 , 0.5951842943053648 0.8338052562687421 
0.7152837007522448 0.3092181540231453 , 0.283718509803079 0.6131810417288728 , 0.5947517679325702 0.8436042952787004 
0.7171219377919146 0.3155868830361124 , 0.2827297339686371 0.5976833262322561 , 0.5939023067273423 0.8527332817623501 
0.7185941296938547 0.32245348665967866 , 0.2824735600831656 0.5823513650384066 , 0.5926862887108737 0.8611986393326334 
0.7196806879795974 0.32981082544242213 , 0.282925249188944 0.5671851443957701 , 0.5911480413193526 0.8690075211925264 
0.7203602898848949 0.33765199288672715 , 0.2840669057316744 0.5521844074739538 , 0.5893267828713248 0.8761670906700376 
0.7206097699078683 0.345970070088302 , 0.2858867737243398 0.5373494073541827 , 0.587257434855686 0.8826840135882339 
0.7204040031110082 0.3547578546303974 , 0.28837865933275003 0.5226815442517889 , 0.584971316044136 0.8885640921485323 
0.7197157876569561 0.3640075541600966 , 0.29154145721933805 0.508183946252352 , 0.5824967336116 0.89381199061827 
0.7185157370404218 0.3737104342132925 , 0.2953787544304413 0.4938620395790887 , 0.579859487017031 0.8984310172383374 
0.716772196981073 0.38385640931304055 , 0.2998984821958866 0.47972414548015646 , 0.5770832993109346 0.9024229362375216 
0.7144512084308206 0.39443356659766104 , 0.30511258125426016 0.4657821344462373 , 0.5741901888028135 0.9057877899868203 
0.7115165471736544 0.40542761303790775 , 0.3110366391824154 0.4520521629276311 , 0.5712007921318243 0.9085237150651798 
0.7079298826047661 0.4168212419971555 , 0.3176894479358956 0.4385555110954163 , 0.5681346479472325 0.910626737938147 
0.7036511138002378 0.428593424556133 , 0.3250924160091518 0.4253195300382566 , 0.5650104486785046 0.9120905364363292 
0.6986389596006961 0.4407186487666023 , 0.3332687526602166 0.41237868982208786 , 0.5618462662269815 0.9129061524420287 
0.692851899318729 0.4531661600989583 , 0.34224232341592775 0.3997756917545493 , 0.5586597557532375 0.9130616391772112 
0.6862495771860052 0.4658993040249078 , 0.35203606137210436 0.387562563893875 , 0.5554683399297846 0.912541623111936 
0.6787947873896923 0.4788751418319728 , 0.36266981720821784 0.3758015937184137 , 0.5522893738899841 0.9113267554803324 
0.6704561314514548 0.49204460477430095 , 0.3741575586586768 0.36456586510813455 , 0.5491402883777627 0.9093930211482834 
0.6612113628075517 0.5053535611460458 , 0.3865039107416097 0.35393906773029604 , 0.546038704938733 0.9067108621543771 
0.6510512800095657 0.5187452685906162 , 0.39970018660903983 0.3440141644977766 , 0.5430025118692888 0.9032440579423261 
0.6399837893370786 0.5321647159665386 , 0.4137203069783058 0.3348904939667154 , 0.5400498821725099 0.8989482810974649 
0.6280374627761305 0.5455652496648344 , 0.42851731247960695 0.3266690304621289 , 0.5371992032321568 0.8937692109037555 
0.6152636780850465 0.5589175670831777 , 0.4440214318368821 0.3194458962370485 , 0.5344688685659656 0.8876400277104926 
0.6017364337887725 0.5722206742005779 , 0.46014069835113836 0.31330480453120485 , 0.5318768463479833 0.8804780122989361 
0.5875493806503019 0.5855139467704114 , 0.4767647300460684 0.30830973661117766 , 0.5294398677915239 0.8721798076491297 
0.5728105638513615 0.598889376767969 , 0.49377148933758247 0.30449949635592527 , 0.5271719252989502 0.8626146179068244 
0.5576366675504048 0.6125038001389008 , 0.5110358849198858 0.3018855457358141 , 0.5250814260176035 0.8516141451560038 
0.542150007860773 0.6265924930080168 , 0.5284384363324167 0.3004536932084309 , 0.5231655342947044 0.838957304814271 
0.5264835322501239 0.6414875780242875 , 0.5458722372575604 0.3001691535609156 , 0.5213982089802098 0.8243467594455156 
0.5108038376609667 0.657645448141081 , 0.5632470799545922 0.3009837433123958 , 0.5197030608723351 0.8073742995772419 
0.4953762067034503 0.6756779120253014 , 0.5804904349594259 0.30284383499195433 , 0.5178873368250178 0.787481744013463 
0.48073146052770555 0.6963105649646927 , 0.5975455349112246 0.30569811406278674 , 0.5154769830489637 0.7639948120032393 
0.46799604454438887 0.7198269709517275 , 0.614366731946338 0.3095048025842816 , 0.511391201997167 0.7366717174947096 
0.4586580304031833 0.7441390439354432 , 0.6309114972053519 0.3142377522349261 , 0.5041844508793587 0.7076266948603493 
0.4524150481825003 0.7656945872048987 , 0.6471294882363795 0.3198865389262322 , 0.4942094420690142 0.6804223648995877 
0.4479245666734244 0.7836349194453919 , 0.6629569503814687 0.3264452372641057 , 0.48287246143300083 0.6559233343212211 
0.44435650257153575 0.7984449543931678 , 0.6783200649452964 0.33390017295843055 , 0.47107741097106187 0.6336583636791203 
0.4413084960419345 0.8107061990787776 , 0.6931416942787207 0.34222320772746306 , 0.45930378816723877 0.613074084224478 
0.43858334388316206 0.8208709528267168 , 0.7073485155152841 0.35136989311991446 , 0.44782211908944786 0.5937626450840874 
0.4360799360112444 0.8292705761338363 , 0.7208770889925903 0.3612812585988605 , 0.43679695348405934 0.575451656298022 
0.43374496459773193 0.8361491074752136 , 0.7336778907227406 0.37188795208652203 , 0.42633112316742144 0.5579664314689831 
