0.9314218006121856 0.0936549402617235 , 0.6772252840489337 0.20988470451820784 , 0.17176348006754538 0.04544565083265739 
0.9245949386466658 0.11479839949503733 , 0.7054623863125074 0.19954209667479644 , 0.15035323976949155 0.03464479944275496 
0.9162916617420999 0.1364342896125398 , 0.734742177419735 0.1886092194640771 , 0.12937672556682978 0.02394178653597178 
0.9059759760991599 0.15858267042856833 , 0.7656452487220441 0.1770777516040935 , 0.10878933990746067 0.013324873579926854 
0.8928178417439848 0.18105968196571678 , 0.7990393127411297 0.1651398618384506 , 0.08855341024355012 0.0027857518084212756 
0.8759517077087152 0.20289991967212226 , 0.8358221573670032 0.15376676487879565 , 0.06863669965294628 -0.00768138893832925 
0.8565332947385358 0.2217463405565983 , 0.8748658153315823 0.14531929057107185 , 0.04901145465854661 -0.018080335515081487 
0.8378735773462673 0.23683903651021762 , 0.9128829582386615 0.14055943755637 , 0.029654029143735924 -0.02841317845399896 
0.8209947120840669 0.24943855927799988 , 0.9488713715317576 0.13822772797897315 , 0.01054448111284026 -0.03868099164438437 
0.805669383858059 0.26053409118845694 , 0.9830754007973972 0.1373356457330387 , -0.008334219926791408 -0.048884441308906984 
0.7915389012042453 0.27066999513414514 , 1.0158685433715484 0.13733937135911164 , -0.026996879847128986 -0.05902407088066815 
0.7783193441416072 0.2801479625597635 , 1.047547782224729 0.13793774837792303 , -0.045456561637671505 -0.06910041532509788 
0.7658048383565875 0.2891460312942103 , 1.0783306484557054 0.1389533091480174 , -0.06372492208362804 -0.07911404482963909 
0.7538463615124547 0.29777614482741627 , 1.1083766585771195 0.14027472963017174 , -0.08181245536090934 -0.08906557884499941 
0.7423341074096174 0.30611263091798396 , 1.1378051330345647 0.14182835196394422 , -0.09972867571551709 -0.09895568726933959 
0.7311854173222733 0.31420713326805594 , 1.1667074061307214 0.14356324843786133 , -0.11748225872432982 -0.10878508609332868 
0.7203367793995196 0.3220969179022493 , 1.1951549386535523 0.14544290858490996 , -0.13508115332440693 -0.11855453087457071 
0.7097384853162592 0.32980974577894373 , 1.2232047519401867 0.14744035947618186 , -0.1525326725277809 -0.12826480964253703 
0.699350993609618 0.33736686556259693 , 1.2509031392740948 0.14953516604631573 , -0.16984356815504775 -0.1379167359963241 
0.6891424003571525 0.34478492588676973 , 1.2782882576696617 0.15171151246783432 , -0.18702009329814895 -0.14751114274201546 
0.6790866419620063 0.3520772395276237 , 1.305391977933977 0.15395693229015778 , -0.20406805516731807 -0.1570488762051929 
0.6691621922831124 0.3592546441509846 , 1.3322412327147841 0.1562614427076744 , -0.22099286026923118 -0.16653079124607043 
0.6593511006323459 0.3663261036533938 , 1.3588590174716906 0.15861693890971168 , -0.23779955337537126 -0.17595774695051689 
0.6496382695228288 0.37329913788599295 , 1.3852651466007655 0.16101676067135948 , -0.25449285139492894 -0.18533060294476383 
0.6400109041826064 0.3801801359507886 , 1.4114768335638554 0.1634553759334051 , -0.27107717301779655 -0.1946502162716051 
0.630458087227118 0.38697458872847496 , 1.4375091423117163 0.16592814564829989 , -0.287556664810169 -0.2039174387641863 
0.6209704459537378 0.39368726424781114 , 1.4633753430831389 0.16843114622085475 , -0.30393522430821124 -0.2131331148560774 
0.6115398891574936 0.40032234187476207 , 1.4890871961221714 0.17096103350881922 , -0.32021652055099953 -0.2222980797709928 
0.6021593968087601 0.40688351635000497 , 1.5146551803334043 0.1735149373036148 , -0.3364040124134987 -0.2314131580410313 
0.5928228504051805 0.4133740794239663 , 1.5400886793609312 0.17609037849658093 , -0.35250096503744605 -0.2404791623079588 
0.5835248949623569 0.41979698462317505 , 1.5653961343745637 0.17868520335690316 , -0.36851046460825504 -0.2494968923674898 
0.5742608258623739 0.4261548991584926 , 1.5905851705525467 0.18129753087564712 , -0.384435431686255 -0.2584671344215513 
0.5650264954133476 0.43245024592142134 , 1.6156627025837489 0.18392571019922915 , -0.40027863326843083 -0.26739066050806204 
0.5558182351724412 0.4386852377598849 , 1.6406350232868403 0.18656828593451846 , -0.41604269373061586 -0.2762682280818149 
0.5466327909750971 0.4448619056822451 , 1.6655078785321087 0.1892239696539689 , -0.43173010477854 -0.28510057972362557 
0.5374672682813312 0.4509821222432978 , 1.6902865309656159 0.1918916163273349 , -0.44734323451828123 -0.2938884429580443 
0.5283190859563189 0.4570476210750508 , 1.7149758145141174 0.19457020470019418 , -0.46288433574177057 -0.30263253016265657 
0.5191859369899217 0.46306001330848245 , 1.7395801812492329 0.19725882085847535 , -0.4783555535104887 -0.31133353855436935 
0.510065754958799 0.46902080146958314 , 1.7641037418797878 0.19995664438313757 , -0.49375893210992083 -0.3199921502401322 
0.5009566852674122 0.47493139130932294 , 1.7885503008996089 0.20266293662458318 , -0.5090964214383552 -0.32860903232131766 
0.4918570603866463 0.4807931019324864 , 1.81292338722796 0.20537703072261898 , -0.5243698828859404 -0.337184837042517 
0.4827653784528536 0.4866071745171881 , 1.8372262810291482 0.20809832307223006 , -0.5395810947533359 -0.3457202019768298 
0.47368028470468143 0.4923747798599769 , 1.861462037277603 0.21082626599347493 , -0.5547317572536186 -0.3542157502408635 
0.46460055532671773 0.4980970249368304 , 1.8856335065381478 0.2135603614093997 , -0.5698234971361996 -0.36267209073364176 
0.4555250833427936 0.50377495863513 , 1.9097433533531183 0.216300155371923 , -0.584857871967246 -0.3710898183944647 
0.4464528662615345 0.5094095767837372 , 1.9337940725645117 0.2190452333043435 , -0.5998363740973802 -0.3794695144754924 
0.4373829952253948 0.5150018265859277 , 1.9577880038474575 0.22179521585210993 , -0.6147604343441864 -0.38781174682544933 
0.4283146454542088 0.5205526105419633 , 1.9817273446886536 0.22454975525201254 , -0.6296314254141963 -0.3961170701813876 
0.4192470678070106 0.5260627899335388 , 2.005614162008178 0.22730853214495886 , -0.6444506650865226 -0.40438602646590943 
0.41017958131290133 0.531533187930525 , 2.0294504025938553 0.23007125276971474 , -0.6592194191780905 -0.4126191450876515 
0.40111156654415936 0.5369645923707717 , 2.05323790249297 0.23283764648499183 , -0.673938904308463 -0.4208169432431753 
0.3920424597234655 0.5423577582558062 , 2.076978395485719 0.23560746357548684 , -0.688610290480518 -0.42897992621870495 
0.38297174747273294 0.5477134099987242 , 2.1006735207476255 0.23838047330427145 , -0.703234703491692 -0.43710858769040756 
0.3738989621241421 0.5530322434551501 , 2.1243248297936552 0.24115646217956865 , -0.717813227189131 -0.44520341002213076 
0.36482367752502826 0.5583149277636407 , 2.1479337927845 0.2439352324086466 , -0.7323469055808616 -0.4532648645596993 
0.35574550527760823 0.5635621070181328 , 2.1715018042650587 0.24671660051548924 , -0.7468367448140001 -0.46129341192103407 
0.3466640913624538 0.568774401791884 , 2.195030188396243 0.24950039610220037 , -0.7612837150300301 -0.46928950228149635 
0.33757911310136096 0.5739524105296891 , 2.2185202037336067 0.2522864607368758 , -0.7756887521063007 -0.4772535756539769 
0.3284902764210171 0.5790967108229138 , 2.241973047599751 0.25507464695302773 , -0.7900527592921011 -0.4851860621633536 
0.3193973133837918 0.5842078605799743 , 2.2653898600918283 0.2578648173476394 , -0.8043766087469529 -0.49308738231502575 
0.31029997995620606 0.5892863991032761 , 2.28877172776058 0.2606568437666217 , -0.8186611429881185 -0.5009579472573098 
0.3011980539892711 0.5943328480822355 , 2.3121196869931326 0.26345060656789426 , -0.8329071762537362 -0.5087981590375419 
0.29209133338802895 0.5993477125108253 , 2.335434727128111 0.26624599395355114 , -0.8471154957874721 -0.5166084108517885 
0.2829796344503423 0.6043314815370628 , 2.358717793328421 0.2690429013636361 , -0.8612868630500956 -0.5243890872881111 
0.2738627903573355 0.6092846292509854 , 2.3819697892342866 0.2718412309249697 , -0.8754220148629541 -0.5321405645633672 
0.26474064979993733 0.614207615416896 , 2.4051915794166603 0.27464089094926 , -0.8895216644879295 -0.5398632107535681 
0.2556130757277564 0.6191008861550055 , 2.4283839916490093 0.2774417954754146 , -0.9035865026480974 -0.5475573860178322 
0.2464799442080794 0.6239648745770265 , 2.4515478190135767 0.2802438638515655 , -0.9176171984929878 -0.5552234428160042 
0.23734114338414158 0.6288000013797758 , 2.4746838218565723 0.28304702035283347 , -0.9316144005120456 -0.5628617261200214 
0.22819657252301326 0.6336066754004067 , 2.4977927296052727 0.28585119383131047 , -0.9455787373996175 -0.5704725736191293 
0.2190461411444942 0.6383852941365138 , 2.52087524245872 0.2886563173951312 , -0.9595108188745458 -0.578056315919057 
0.20988976822332941 0.6431362442340143 , 2.5439320329625583 0.2914623281138488 , -0.9734112364572194 -0.5856132767352751 
0.20072738145787322 0.6478599019454203 , 2.566963747477522 0.29426916674763204 , -0.9872805642067266 -0.5931437730804644 
0.19155891659904534 0.6525566335608537 , 2.589971007550185 0.29707677749806666 , -1.0011193594205618 -0.6006481154463325 
0.18238431683405876 0.657226795813926 , 2.6129544111937735 0.2998851077785776 , -1.0149281632991636 -0.6081266079799157 
0.17320353221996038 0.6618707362644042 , 2.63591453408611 0.30269410800269436 , -1.0287075015774017 -0.6155795486545107 
0.16401651916252535 0.6664887936594012 , 2.6588519306911236 0.30550373138856474 , -1.0424578851249802 -0.623007229435378 
0.15482323993648922 0.6710812982746686 , 2.6817671353097694 0.3083139337782832 , -1.05617981051759 -0.6304099364403638 
0.14562366224349702 0.6756485722374287 , 2.70466066306569 0.31112467347074374 , -1.069873760580518 -0.6377879500955844 
0.1364177588045003 0.680190929832052 , 2.727533010830472 0.3139359110668537 , -1.0835402049063028 -0.6451415452863177 
0.12720550698364738 0.6847086777897731 , 2.750384658092944 0.31674760932605905 , -1.097179600347922 -0.6524709915032442 
0.11798688844099302 0.6892021155635357 , 2.7732160677765743 0.3195597330332317 , -1.1107923914888975 -0.6597765529841794 
0.10876188881160481 0.6936715355889644 , 2.796027687008677 0.32237224887506 , -1.1243790110916119 -0.6670584888514364 
0.09953049740886954 0.6981172235323786 , 2.8188199478448475 0.32518512532516436 , -1.1379398805250471 -0.674317053244955 
0.0902927069500044 0.7025394585266876 , 2.841593267951743 0.32799833253723154 , -1.1514754101730775 -0.6815524954513312 
0.0810485133019599 0.7069385133959413 , 2.864348051251086 0.3308118422455256 , -1.1649859998243761 -0.6887650600288789 
0.07179791524606513 0.7113146548692455 , 2.8870846885275325 0.33362562767219295 , -1.1784720390449277 -0.6959549869288505 
0.06254091425991247 0.7156681437847006 , 2.909803558002835 0.3364396634408289 , -1.1919339075340776 -0.7031225116129414 
0.053277514315112615 0.7199992352839665 , 2.932505025878548 0.3392539254958224 , -1.2053719754649908 -0.7102678651672008 
0.044007721689669904 0.7243081789980169 , 2.955189446849338 0.3420683910270365 , -1.2187866038103377 -0.7173912744124653 
0.03473154479383652 0.7285952192245989 , 2.977857164588811 0.34488303839942064 , -1.2321781446539772 -0.7244929620114314 
0.025448994008402316 0.7328605950978797 , 3.0005085122096258 0.3476978470871855 , -1.245546941489358 -0.7315731465724771 
0.016160081534465416 0.737104540750727 , 3.023143812699522 0.3505127976122025 , -1.2588933295053173 -0.7386320427503413 
0.006864821253809541 0.7413272854700358 , 3.0457633793347765 0.3533278714863185 , -1.2722176358599158 -0.7456698613437661 
-0.0024367714009132027 0.7455290538454894 , 3.068367516072495 0.3561430511573006 , -1.285520179942911 -0.7526868093902018 
-0.011744679566928911 0.7497100659121112 , 3.0909565179230314 0.3589583199581513 , -1.298801273627432 -0.7596830902576743 
-0.02105888506369242 0.7538705372869434 , 3.113530671303753 0.36177366205955375 , -1.3120612215113898 -0.766658903733909 
-0.03037936849746147 0.7580106793001647 , 3.136090254375261 0.3645890624252265 , -1.325300321149129 -0.7736144461128031 
-0.039706109358664254 0.7621306991209377 , 3.1586355373611226 0.3674045067699856 , -1.3385188632737877 -0.7805499102783351 
-0.04903908611258445 0.7662307998782594 , 3.1811667828520758 0.37021998152032615 , -1.3517171320108203 -0.7874654857859974 
-0.058378276283846404 0.7703111807770708 , 3.2036842460956176 0.3730354737773514 , -1.3648954050831 -0.794361358941834 
