0.9966182764749667 0.6213196677284948 , 0.5522761538694697 0.4551130121646644 , 0.17313279836693463 0.4867617103585644 
0.9954568057909582 0.6130191527605475 , 0.5417547143948457 0.4696126084685279 , 0.18481570852556722 0.48056262902264807 
0.9937575483907249 0.6045705004173876 , 0.5309281028325304 0.4842584329100269 , 0.19734157748811573 0.47436545692430904 
0.9915132731682632 0.5959944587751692 , 0.5197095315503999 0.49898403621825754 , 0.210804423992708 0.46821589525829677 
0.9887187256178182 0.587311731314513 , 0.5079968142608772 0.5137024321380941 , 0.22531168883267583 0.4621802267991164 
0.9853705592572428 0.5785424969165563 , 0.49567310607634607 0.5282980244676319 , 0.24098356337778226 0.4563538688675352 
0.9814671037989121 0.569705890945823 , 0.4826110682477793 0.5426155606492703 , 0.25794905666467977 0.4508729386566301 
0.9770079278216649 0.5608194773694177 , 0.46868369867632026 0.5564461920331732 , 0.276335602213386 0.44592872084913243 
0.9719931505758143 0.5518987543597048 , 0.45378689148537 0.569512929328565 , 0.29624718665018684 0.44178270656345353 
0.9664224571580864 0.5429567523762052 , 0.4378795359949407 0.5814630359263704 , 0.3177252355583439 0.43877460194914775 
0.9602937808055594 0.5340038060153416 , 0.4210418972987751 0.5918836681069072 , 0.3406915506070365 0.4373069161294746 
0.9536016505356715 0.5250476063568191 , 0.403534420611769 0.6003626798923053 , 0.3648911575639305 0.4377841040025989 
0.9463352773254263 0.5160936533984853 , 0.3858101118555559 0.6065984712989034 , 0.3898818395303887 0.4405022655543346 
0.9384765493652035 0.5071461985544558 , 0.36843415158584314 0.6105093168962845 , 0.4151165277603243 0.44553887480098303 
0.9299981401688436 0.49820968895503626 , 0.3519357603570587 0.6122594381492181 , 0.44009332818546865 0.45272526314746886 
0.9208618218117176 0.4892906713655467 , 0.3366892292944674 0.6121807834665676 , 0.464476177605186 0.461722935419609 
0.9110168970324436 0.48040018226558706 , 0.32288545349924364 0.6106581692292199 , 0.4881248781796838 0.47213603875691634 
0.9003985958162551 0.47155683829112305 , 0.31057062201042046 0.6080466916854044 , 0.5110580108846955 0.4835908602751959 
0.8889264009329779 0.46279107187337226 , 0.29970202866915496 0.6046368374665085 , 0.5333987991092383 0.49576648091184256 
0.876502571469761 0.45415119294464673 , 0.2901928768912538 0.6006509078918383 , 0.5553317803503565 0.5083922894152383 
0.8630117024277273 0.4457121793556389 , 0.28194061082000815 0.5962526515928749 , 0.5770749154636358 0.5212295593032095 
0.8483232211732151 0.4375881640082077 , 0.27484251357582085 0.5915597488754984 , 0.5988614939623352 0.5340464773680171 
0.8323005942269477 0.4299489756453695 , 0.26880344997090316 0.5866549692014791 , 0.6209231845135204 0.5465904454048748 
0.8148236634518704 0.42303846669674366 , 0.26373934225637113 0.58159493860827 , 0.6434642230031297 0.5585609849467096 
0.7958319441728211 0.41718537032434994 , 0.2595785816627821 0.5764166698292367 , 0.666616702875768 0.5695923500981367 
0.775389635962399 0.4127853105946616 , 0.25626260907237175 0.5711423645884454 , 0.6903749836766004 0.5792667150686164 
0.7537462181019475 0.41022675181548024 , 0.253746275142871 0.5657830322535342 , 0.7145347354665526 0.5871846061827088 
0.7313307403086021 0.40976575606980453 , 0.2519981635038551 0.5603413793966804 , 0.7386983248989138 0.5930872547852384 
0.7086394788218386 0.41142618913373696 , 0.25100079363205097 0.5548142464164413 , 0.7623869562574814 0.5969539547015451 
0.6860812926991687 0.4150115514747881 , 0.2507506091714552 0.5491946495681366 , 0.7851953268407471 0.5989881892087987 
0.6638911121854089 0.4202088122394488 , 0.2512578925372298 0.543473376503826 , 0.8068782239887323 0.5995122015084486 
0.64213646308022 0.426693645677202 , 0.2525469701017098 0.5376401507116173 , 0.8273437955294412 0.598860593862904 
0.6207665703128519 0.43418747370858396 , 0.2546571162854902 0.5316845082935332 , 0.8466035421130288 0.5973224082496061 
0.5996589757237692 0.442472390394378 , 0.2576445359424753 0.5255966162695573 , 0.8647237170451263 0.595125383587788 
0.5786485573446386 0.4513850292066603 , 0.2615858558020348 0.5193683319191991 , 0.8817928155646974 0.592441029125864 
0.5575399228473598 0.4608035111797729 , 0.2665837588617969 0.5129949507800341 , 0.8979035470022141 0.5893959282919164 
0.5361073258989012 0.4706330898702225 , 0.2727757909471574 0.5064784585581691 , 0.9131441118653121 0.5860828418233318 
0.5140846079759084 0.4807907316920115 , 0.2803479970964711 0.4998339879823944 , 0.9275946236389913 0.5825696705773176 
0.49114531574344866 0.49118489446779257 , 0.2895557962260945 0.49310335265881483 , 0.9413261167418276 0.5789061431251161 
0.4668723363673824 0.5016806943890696 , 0.3007541624554182 0.48638506588561475 , 0.9544007298885703 0.5751286299770392 
0.44072453227121877 0.5120262971780909 , 0.31443037807626417 0.47990454758753337 , 0.9668723183638879 0.5712635454860993 
0.4120635241756617 0.5216850157763162 , 0.33117662246889945 0.4741796552365236 , 0.9787870820668096 0.5673297192388838 
0.38055903828394944 0.5295244618466038 , 0.3512842730682289 0.4703298871740313 , 0.9901839173591925 0.5633400412310884 
0.3476109186695837 0.533938614082703 , 0.37332207158354336 0.46995304385576064 , 1.0010942384582437 0.5593027323132599 
0.3163229880816675 0.534791563251523 , 0.394162677862675 0.4731799399188252 , 1.0115415627670283 0.5552228870813755 
0.288017691374633 0.5334481976226649 , 0.4124670217469705 0.4786417286774054 , 1.0215425155897673 0.5511044639516534 
0.2624807799059213 0.5309695562480546 , 0.42843736998816495 0.4852733306819512 , 1.0311090788172845 0.5469515033217178 
0.23921241785929198 0.5279151179680702 , 0.44256445891370105 0.4925108027830247 , 1.0402503519383777 0.5427684695006287 
0.21778164493691513 0.5245700685797879 , 0.455271982833483 0.50006406091202 , 1.0489736009409725 0.5385602607599157 
0.1978618121340111 0.5210861035319133 , 0.46688054780710425 0.5077761499678112 , 1.0572848687702554 0.5343321367519992 
0.17920890023671895 0.5175480631794169 , 0.47762898585826297 0.5155566899467561 , 1.0651893426163888 0.5300896371255507 
0.16163812263019395 0.5140054044650921 , 0.48769752311474485 0.5233504753447591 , 1.0726915829664319 0.5258385104418724 
0.14500667347513888 0.5104878134021227 , 0.49722488489070704 0.5311219198988414 , 1.0797956703455247 0.5215846569507595 
0.1292018843217419 0.5070133966805456 , 0.5063200435089275 0.5388469090725858 , 1.0865053008807013 0.5173340844985922 
0.11413315113332476 0.5035932088241057 , 0.515070228675715 0.5465083055916934 , 1.092823848902331 0.5130928758359246 
0.09972636230810461 0.5002338704745524 , 0.5235464586794614 0.5540933542277728 , 1.0987544077238047 0.5088671655493985 
0.08591998046658586 0.4969391428995813 , 0.5318074325773577 0.5615921222899946 , 1.104299815667427 0.5046631250621478 
0.0726622314696299 0.49371090684605934 , 0.5399023252894725 0.5689965289937404 , 1.1094626719522682 0.5004869544119239 
0.05990904806662145 0.4905497885543802 , 0.5478728351196603 0.5762997219339406 , 1.114245345525089 0.4963448797634028 
0.0476225378291146 0.48745556986619065 , 0.5557547119589716 0.5834956645595986 , 1.1186499789232844 0.4922431558259345 
0.035769822302268425 0.4844274624194652 , 0.5635789178093529 0.590578855301184 , 1.1226784885997494 0.4881880725310745 
0.024322143770764998 0.4814642941418319 , 0.5713725222487009 0.5975441306293747 , 1.1263325626919047 0.48418596548051707 
0.013254168222171724 0.4785646379109358 , 0.5791594035817315 0.6043865225307608 , 1.1296136569074675 0.48024322981002715 
0.002543434406822812 0.4757269013459357 , 0.5869608053224222 0.6111011516720746 , 1.1325229889821258 0.47636633723371347 
-0.007830086738716727 0.4729493900364273 , 0.594795783440264 0.6176831440753519 , 1.1350615320098236 0.47256185613994467 
-0.017884348186642834 0.47023035235197913 , 0.6026815700623928 0.6241275631904263 , 1.137230006835621 0.4688364747093184 
-0.027635517449398364 0.4675680113157231 , 0.610633872539564 0.6304293518160731 , 1.1390288736212053 0.4651970271199276 
-0.03709821590958064 0.464960587292869 , 0.6186671219855759 0.6365832799597084 , 1.1404583226353757 0.46165052299914644 
-0.04628571752527571 0.4624063140964027 , 0.6267946819563938 0.642583895777636 , 1.141518264280253 0.4582041803776852 
-0.05521011505335269 0.4599034503385238 , 0.6350290254301277 0.6484254774088606 , 1.1422083183345961 0.45486546250433946 
-0.06388246006691042 0.4574502873276101 , 0.6433818864024381 0.6541019839314733 , 1.1425278023758436 0.4516421189926404 
-0.07231288165263859 0.4550451544443462 , 0.6518643910331198 0.6596070039093285 , 1.14247571933089 0.4485422318980492 
-0.08051068762663989 0.45268642267406384 , 0.6604871722363695 0.6649337001058306 , 1.1420507441016416 0.44557426747182943 
-0.08848445131045608 0.45037250679058966 , 0.6692604708063197 0.670074748949285 , 1.1412512092155076 0.44274713451184927 
-0.09624208629693932 0.4481018665569072 , 0.6781942255436694 0.6750222732553233 , 1.1400750894646412 0.44007025043949344 
-0.10379091116114614 0.4458730072141903 , 0.6872981543488641 0.6797677665515861 , 1.1385199855236534 0.4375536164859475 
-0.11113770570052221 0.44368447946266854 , 0.6965818278337979 0.6843020071054513 , 1.1365831065780958 0.43520790368360407 
-0.11828875999635731 0.4415348790880528 , 0.7060547366457891 0.6886149594172746 , 1.1342612520619397 0.43304455174639656 
-0.12524991735639981 0.43942284635080747 , 0.7157263533661502 0.6926956604920043 , 1.131550792701621 0.43107588340891223 
-0.13202661201289867 0.43734706522884725 , 0.725606189512369 0.6965320876151564 , 1.128447651211901 0.42931523740772026 
-0.13862390230086352 0.4353062625847488 , 0.7357038478052156 0.7001110035983191 , 1.1249472832070193 0.427777124068656 
-0.14504649992018054 0.43329920731452976 , 0.7460290694189797 0.7034177744740497 , 1.1210446592125722 0.4264774084631444 
-0.151298795786429 0.4313247095252023 , 0.7565917753586304 0.7064361533412871 , 1.11673424913917 0.4254335273852345 
-0.15738488289423805 0.4293816197817906 , 0.7674021003216207 0.7091480223964403 , 1.1120100112839888 0.424664748073493 
-0.1633085765502936 0.427468828460722 , 0.7784704162846626 0.7115330830047759 , 1.1068653889770024 0.42419247878622607 
-0.169073432277957 0.42558526524510265 , 0.789807341424426 0.7135684807988646 , 1.1012933195649024 0.4240406442077568 
-0.17468276164985486 0.4237298987981883 , 0.8014237275516449 0.715228349002308 , 1.0952862628095812 0.42423614245122776 
-0.18013964626725515 0.42190173665434244 , 0.813330615561389 0.7164832481553811 , 1.0888362594172374 0.4248094054420006 
-0.18544695007456577 0.4200998253720828 , 0.825539142757458 0.7172994737542558 , 1.081935036028479 0.42579509112538555 
-0.19060733017339435 0.4183232510017421 , 0.8380603771223869 0.7176381944881947 , 1.0745741817623786 0.42723294476178736 
-0.19562324628337865 0.4165711399312898 , 0.8509050397382262 0.7174543721638033 , 1.0667454352565235 0.42916887815663113 
-0.2004969689872889 0.414842660188615 , 0.8640830543724983 0.7166953994659306 , 1.0584411433261616 0.43165633059717856 
-0.20523058689766036 0.41313702329788754 , 0.8776028272294139 0.7152993732380697 , 1.0496549883796176 0.43475799371576695 
-0.20982601289507885 0.41145348681239285 , 0.8914701006184778 0.7131929001647352 , 1.0403831409879722 0.4385480032745961 
-0.21428498962057266 0.4097913576772539 , 0.9056861256407065 0.710288313679932 , 1.0306260926912374 0.44311471889453835 
-0.21860909446719007 0.4081499966126762 , 0.9202447333331292 0.706480180771722 , 1.020391589845432 0.44856421286732595 
-0.22279974442692446 0.40652882374938376 , 0.9351276052866492 0.7016410354593057 , 1.0096993678516466 0.4550245310430347 
-0.22685820133871043 0.40492732578423035 , 0.9502965838056464 0.6956164937292786 , 0.9985888462444353 0.46265057073821525 
-0.23078557839931188 0.40334506493234995 , 0.9656811364795114 0.6882205285470637 , 0.9871316706311718 0.4716287967723105 
-0.23458284931273593 0.4017816898756595 , 0.9811581060928681 0.6792332767708908 , 0.9754519719312391 0.4821794236051738 
-0.23825086224973976 0.40023694861572684 , 0.9965201499040989 0.6684074636707665 , 0.9637579410570122 0.4945499779652308 
