0.6533675806764614 0.35473792740663157 , 0.4978598627271029 0.2433575649380978 , 0.6767596313735539 0.5352278340191402 
0.6445835649929363 0.36166089774245075 , 0.5006353272723132 0.24375598099376639 , 0.6827681825118687 0.5279064476276525 
0.6347663941235399 0.36948362592623313 , 0.5053554615564424 0.24605665928559672 , 0.687865219097136 0.5177830411520398 
0.6242622462545184 0.37815463510942 , 0.5120352705636605 0.25046996057195575 , 0.6916895579589394 0.5046987306824938 
0.6135573858361555 0.3875300265565481 , 0.5206918885784302 0.2572749004797271 , 0.6937378003625325 0.48851839932759433 
0.6033147396363343 0.39728965127212673 , 0.5313376669823853 0.26682969262221345 , 0.6933346681583986 0.4692039824695294 
0.5943615417991686 0.40681671401160935 , 0.5439843643793861 0.27958577605758755 , 0.6896411685985635 0.4469208362946727 
0.5875759491964555 0.41507837194293773 , 0.5586765931847301 0.29611639187841504 , 0.6817345323959326 0.42212856254251685 
0.5836780481681656 0.42059917917645046 , 0.5755815719256342 0.3171754990793921 , 0.6687274546833184 0.3955486481080271 
0.5830725017440216 0.4216134073646706 , 0.5951395112670191 0.34369622737797945 , 0.6497750617660775 0.36801369162121955 
0.5859770469999385 0.41650357546448524 , 0.6175669398665151 0.3755272210462974 , 0.6244430879106646 0.341292529853087 
0.5928095594229994 0.4051701239227446 , 0.6383597744836016 0.4073482251377808 , 0.5968177408705172 0.32080497730334423 
0.6032517356304978 0.3902389614051933 , 0.65416207440199 0.43575611887115484 , 0.5705732647446304 0.30732824608752146 
0.6152012740439173 0.37442130352178005 , 0.6657328419069846 0.45950428702254886 , 0.5470529588262164 0.29939773581954066 
0.6266045840293806 0.3590600613034819 , 0.6744183715159242 0.47875270813057613 , 0.5269641192318136 0.29551055692981154 
0.6364237642627972 0.3447430684925346 , 0.6811193022513162 0.49414649422486706 , 0.510444008263005 0.2944337636464679 
0.6443139945194009 0.3317249600648241 , 0.6863487938742684 0.5062911727292124 , 0.4973242863834491 0.29530719356983304 
0.6502288702372362 0.32010828557944415 , 0.6903968447832372 0.5156467979173077 , 0.487361359756645 0.2975682428671177 
0.6542193952092807 0.3099322568290359 , 0.6934300168831726 0.5225430863224629 , 0.480337662684665 0.3008479832123708 
0.6563521213684008 0.30121706011367616 , 0.695542794566627 0.52721059606133 , 0.47609215884209055 0.30489567018886343 
0.6566781484258423 0.29398642198281744 , 0.6967835011543496 0.5298054995724071 , 0.47452542519692653 0.30953140480864505 
0.6552211230602665 0.28828072103586616 , 0.69716716783921 0.5304259523086476 , 0.47559878387764204 0.31461665301935576 
0.6519712603121613 0.28416731768657366 , 0.696681179729201 0.5291216007922162 , 0.47933463473575616 0.3200344078850798 
0.6468801379226067 0.2817523965052303 , 0.6952862161968164 0.5258975742980372 , 0.4858207206576953 0.3256733555606021 
0.6398542986138788 0.2811985035038263 , 0.6929132279905005 0.5207133886054615 , 0.4952195481727392 0.3314114342545818 
0.6307486620643759 0.2827539423976989 , 0.689455964989346 0.5134759996160747 , 0.5077824477233965 0.33709338435009595 
0.6193697699875199 0.28680461412510483 , 0.6847573658675901 0.5040244628736376 , 0.5238599389220084 0.3424942493651272 
0.6055371194597411 0.29396188608313534 , 0.6785868894013222 0.492100452708938 , 0.5438630659160552 0.34726098757179624 
0.5894050335257253 0.3051544675378228 , 0.6706065711369791 0.47729311752535586 , 0.5679754701144141 0.3508757413006908 
0.5725657052913588 0.32133123476186626 , 0.6603383203426643 0.4589419507940125 , 0.5950830491430955 0.35305014080799074 
0.5588005768160559 0.3420376407379485 , 0.6472133882554884 0.4360238890487199 , 0.6219731097055742 0.3552617965772011 
0.5508145480242704 0.3656886957337364 , 0.6309333885033062 0.4073526164579949 , 0.6462391382495417 0.3602820141721382 
0.5497088402986455 0.3908387028067733 , 0.6124799528805988 0.3735896849402745 , 0.665798281597874 0.3688949386168217 
0.5554284608347891 0.4143816550710496 , 0.593985648268662 0.3405203342495903 , 0.6785729656736672 0.37842133704322956 
0.565757981218404 0.4337396352995546 , 0.5770797227801889 0.3122954923893712 , 0.6851493707785253 0.3872881986749437 
0.5791574933136527 0.4489202830837993 , 0.5622807099728027 0.2888280925411201 , 0.686548871490663 0.3955749507389502 
0.5951303816595096 0.4603472970376019 , 0.5494872817137084 0.2692226645962458 , 0.6833694114039004 0.4037533647300219 
0.6135792534278264 0.46812994701973043 , 0.5384757123127618 0.25276302035970744 , 0.6759321090365302 0.41243035898443176 
0.6343574017523591 0.47200326589666747 , 0.5290340613231481 0.23895645678448935 , 0.6645956117016111 0.4223636036827128 
0.6565809855499586 0.47154316854968165 , 0.5209788676546608 0.22746301224361315 , 0.6504272215724988 0.4343171455705748 
0.6777807898797827 0.4670986143153563 , 0.5141492679959361 0.21803302397194185 , 0.6360570169013995 0.44819168807657145 
0.695318349635069 0.4604313648512392 , 0.5084079016622803 0.21046484421729322 , 0.6242608234797689 0.4624271172953372 
0.7084775959597029 0.4531621702705077 , 0.5036496309440837 0.20459012408583008 , 0.6158598478733316 0.4755710320075318 
0.7175887420879912 0.44609523374121696 , 0.4998024337737112 0.20027411143768262 , 0.6105958989154159 0.48695398118497 
0.7231175257163848 0.4395832495714343 , 0.49682165034886394 0.19741475930323912 , 0.6080478987118696 0.49632531748919617 
0.7254275700011263 0.4338059117274376 , 0.4946840995599013 0.19593951112249366 , 0.6078754052160907 0.5035779035139383 
0.7247618823750466 0.42889111118854467 , 0.49338406054476003 0.195802008449777 , 0.6098411318573117 0.5086302067255478 
0.7212637738739202 0.4249688541414596 , 0.49293105232095813 0.19697987700231948 , 0.61379224858224 0.5113745952200904 
0.714998967862862 0.42220334373708596 , 0.4933490017975182 0.199473993309213 , 0.619639105116738 0.5116459893175705 
0.7059777036179118 0.4208222758801359 , 0.4946764474319038 0.20330942267967195 , 0.6273329237273026 0.5091916278040617 
0.694191438843857 0.4211507379484365 , 0.4969674547907116 0.20853823057233428 , 0.6368281811425496 0.5036343578430987 
0.6797080767011683 0.42363843993149414 , 0.5002927727898214 0.21524433485286304 , 0.6479862252861284 0.4944405515795124 
0.6629439749255459 0.4287863865529979 , 0.5047403908651298 0.22355002688986317 , 0.6603027089864423 0.4809869129210085 
0.6452577584566043 0.43661018837526194 , 0.5104147280468282 0.2336217990607843 , 0.6723145882736855 0.46309133892782334 
0.6290469746064413 0.44548949588917547 , 0.5174379442959484 0.2456703436262414 , 0.6815021558747283 0.4421634868484527 
0.6157580428658683 0.452855718262034 , 0.5259678775841452 0.2599479582140492 , 0.6862611543271044 0.42051964988778634 
0.6052564716419653 0.45714224448602886 , 0.536240315161273 0.2767633756984443 , 0.6864902879738797 0.39941770617939637 
0.5969709578129688 0.45762383610850976 , 0.5486295724376138 0.29651260783382766 , 0.6823865445265354 0.3791868824215321 
0.5904192279821185 0.45377092204543573 , 0.5637309046640162 0.3196894029070008 , 0.6738369421309832 0.359863001411433 
0.5853339080318145 0.4448898173077524 , 0.5823921120550015 0.34672380356712074 , 0.6602610546903019 0.3417097054889964 
0.5819024759531719 0.4300189314367123 , 0.6049759288113783 0.3770776345041857 , 0.6411086700125678 0.3262267604229715 
0.5815345021256737 0.40896639346207714 , 0.6282682889682307 0.4077635481927753 , 0.6181842836832135 0.31659338470901704 
0.5859487322082441 0.3845279393563603 , 0.6476827845336012 0.4348901547715965 , 0.5943555580352727 0.31390523223591266 
0.5937715076541252 0.35867706989468223 , 0.662973123727676 0.45695154446523345 , 0.5712424433953167 0.3176947120039537 
0.6017302002032603 0.3323511328789145 , 0.6752051863625623 0.47454754837827146 , 0.5510516882112952 0.3264246451066834 
0.6072002020491318 0.3077216657755918 , 0.6851394228192598 0.4885908175144528 , 0.5356474499087263 0.33701084307382473 
0.6098505631948838 0.28622082069615784 , 0.6932016186577526 0.49979085419729813 , 0.5249348929244814 0.3473116514704134 
0.6102318106851556 0.2681005688823782 , 0.6996295589513559 0.5086277778788408 , 0.5181257051406063 0.3565949796026503 
0.6088833612698503 0.2532049153800092 , 0.7045604507858206 0.5154177083829763 , 0.5145432627214469 0.36470070260088383 
0.6062008951548653 0.24132569674815815 , 0.7080718212863772 0.5203668605369719 , 0.5137143583358753 0.37163076907873926 
0.6024684706780967 0.23229808609328498 , 0.7102006138084862 0.5236049402912675 , 0.5153179902905348 0.37742029997931686 
0.5978994652780547 0.22601851293332612 , 0.7109521719055532 0.5252039984365117 , 0.5191354375935099 0.38210081499403153 
0.592666860150102 0.22244439946916691 , 0.7103039504538032 0.5251878187879064 , 0.5250162641732126 0.38569110810679597 
0.5869257854107846 0.22159185879557972 , 0.708205979525459 0.5235344806202167 , 0.5328553098408741 0.3881969869480729 
0.5808331859966847 0.22353527556528344 , 0.7045789691497364 0.5201728552688285 , 0.5425749196306967 0.3896151955297574 
0.5745691781662139 0.22840897140321506 , 0.6993106192389701 0.5149722058284509 , 0.5541072773719338 0.38994214913220326 
0.568364911939221 0.23640901212053259 , 0.6922511972981168 0.5077222988195772 , 0.56737096553978 0.3891920154237594 
0.5625422836055547 0.2477899159228351 , 0.683211766221883 0.49809924419576695 , 0.5822330249496802 0.38743416624526716 
0.5575692252374731 0.2628451771743263 , 0.6719758595884964 0.4856106371407637 , 0.5984419899511484 0.38486751204877917 
0.5541239114356389 0.2818555739431989 , 0.6583566114738557 0.4695200585596895 , 0.6155065518676233 0.38194769386098076 
0.5531366390744052 0.30500738648660797 , 0.6423795464042568 0.448801734968167 , 0.6324708892984559 0.3795142049090941 
0.5557813859825084 0.33235988164259833 , 0.6246827298472637 0.42238036534501106 , 0.6475229589473457 0.3785830793762597 
0.5635342959873183 0.36388713209220785 , 0.606637435496449 0.39019633010503807 , 0.6578153432933503 0.3792398641666231 
0.5779177818724685 0.39786615650411705 , 0.5890856938179391 0.35537901107567954 , 0.6609835990867101 0.3800781587840724 
0.5968354878548755 0.42779709960255813 , 0.5743041691689833 0.3250684225843906 , 0.6568474177532588 0.38045780417692027 
0.6180255847877208 0.45199292493871 , 0.5632043269638147 0.300094772242753 , 0.6467571630255821 0.38123562918240594 
0.63985799149693 0.4704202586644477 , 0.5552141983925866 0.2795807502257017 , 0.632914884887601 0.38332231747371953 
0.6607115029341942 0.4835896475047034 , 0.5496775151697451 0.2629698797793938 , 0.6175980566731782 0.38676379907977176 
0.6795847647450103 0.49246364892732053 , 0.5460389027758106 0.24991492948989594 , 0.6023634072562967 0.39094474794665246 
0.6961208789236728 0.49800257931762015 , 0.5438606620350859 0.24015662419449374 , 0.5880055338183588 0.395164122851755 
0.7103075892779771 0.5009475947633668 , 0.5428132531948626 0.23348937958845808 , 0.5748662323042778 0.3988863520120439 
0.7222577575218705 0.5018179392874036 , 0.5426537747806517 0.22975880511869395 , 0.5630755424745953 0.40174658195777124 
0.7321068372418209 0.5009660104905544 , 0.5432025936377587 0.2288645165291961 , 0.5526776438975379 0.40349279934411825 
0.739973367513893 0.4986279619630762 , 0.5443233049751672 0.2307629095113852 , 0.5436904022880573 0.40393245488940743 
0.7459456265638885 0.4949588779873039 , 0.545906582229838 0.23547102528158947 , 0.536134865983391 0.4028934230949754 
0.7500773733233569 0.4900550292031868 , 0.54785621013021 0.2430736212083445 , 0.5300534913235506 0.4001946759523375 
0.7523853829943072 0.48396713205746567 , 0.550074282407218 0.2537352439601036 , 0.5255274093755923 0.39562095034629946 
0.7528452850955005 0.4767075560360073 , 0.5524405384059996 0.26771730170813546 , 0.5227012512756174 0.388898468619726 
0.751383169785495 0.468253620758214 , 0.5547765904995988 0.28539024169559496 , 0.5218273144920237 0.3796794639100598 
0.7478599402994033 0.4585494850954263 , 0.5567814873205319 0.3071802293963853 , 0.5233456471571823 0.36759361187205714 
0.7420447197789624 0.4475124869076564 , 0.5579678629345703 0.3331641083155296 , 0.5279744920635848 0.35264673114068273 
