0.7046705742193679 0.912255726313258 , 0.0007551394941385237 0.41268769310000664 , 0.4663420720625696 0.14275885162374147 
0.7090045785916127 0.9237784427662403 , -0.006190240854063933 0.3992222535037272 , 0.4689534480385273 0.1447015747670386 
0.713194676771366 0.9350867763077534 , -0.01274666005287014 0.3856761066789177 , 0.4713197690575801 0.146939388050335 
0.7172480562455257 0.9461859926786502 , -0.018915924115961113 0.37205713131202134 , 0.4734356536465115 0.1494591470463345 
0.721171239255882 0.95708102738762 , -0.02469952537231273 0.3583733673500035 , 0.4752960718925069 0.15224787629938258 
0.7249701557584839 0.9677765100984353 , -0.03009870781677664 0.3446330237051697 , 0.4768963378343689 0.15529273723340103 
0.7286502064643586 0.9782767874239038 , -0.03511452575141982 0.3308444840068339 , 0.4782321050631374 0.1585809996062684 
0.7322163175359624 0.988585944162729 , -0.039747896951791095 0.31701631061463426 , 0.47929936519190497 0.16210001625964282 
0.7356729882356717 0.9987078230480615 , -0.04399965134956766 0.30315724701508223 , 0.48009444888997227 0.16583720097386243 
0.7390243325987704 1.008646043094598 , -0.0478705760249505 0.28927621865524883 , 0.48061402920225643 0.16978000928715925 
0.7422741160223368 1.0184040166395507 , -0.05136145713892343 0.275382332218678 , 0.48085512689266297 0.17391592217877747 
0.7454257875143214 1.027984965174925 , -0.054473119299521436 0.2614848733140852 , 0.4808151175612763 0.1782324325479958 
0.7484825082270098 1.0373919340665967 , -0.05720646274177181 0.2475933025239633 , 0.48049174029083835 0.18271703444644607 
0.751447176800566 1.0466278062511418 , -0.05956249860354215 0.23371724974571573 , 0.4798831075790525 0.18735721504014854 
0.7543224519611877 1.055695314995334 , -0.061542382495788764 0.21986650675087197 , 0.47898771631067744 0.19214044929080004 
0.7571107727511963 1.0645970557963245 , -0.06314744649313093 0.2060510178873248 , 0.47780445951801104 0.1970541973533569 
0.7598143767124688 1.0733354974932658 , -0.06437922960744327 0.19228086885467172 , 0.47633263867105097 0.20208590468906873 
0.7624353162978488 1.0819129926538322 , -0.06523950675196438 0.17856627349317158 , 0.4745719762301921 0.20722300489000253 
0.7649754737458545 1.0903317872919163 , -0.0657303161554105 0.1649175585421779 , 0.47252262818563245 0.21245292520291226 
0.7674365746207522 1.098594029965911 , -0.06585398514425106 0.15134514634386 , 0.47018519629957534 0.21776309472723537 
0.7698202001917884 1.106701780300481 , -0.06561315417642334 0.13785953549223964 , 0.46756073976071144 0.22314095524428557 
0.7721277988011741 1.1146570169686603 , -0.06501079898131626 0.12447127945565829 , 0.46465078595621867 0.22857397461268772 
0.7743606963495728 1.1224616451655256 , -0.06405025063897317 0.11119096323226657 , 0.4614573400654769 0.23404966263921415 
0.7765201060097783 1.13011750359962 , -0.0627352134163722 0.09802917813238536 , 0.45798289318267044 0.23955558930500093 
0.7786071372635077 1.1376263710237462 , -0.0610697801705972 0.0849964948178963 , 0.454230428683166 0.24507940519536378 
0.7806228043424047 1.1449899723227577 , -0.05905844512794814 0.07210343476630279 , 0.4502034265616199 0.2506088639479459 
0.7825680341421455 1.1522099841725406 , -0.05670611385471559 0.0593604403647625 , 0.4459058654886466 0.25613184649970316 
0.7844436736677302 1.1592880402815255 , -0.05401811024949603 0.04677784387611537 , 0.4413422223578424 0.2616363868793653 
0.7862504970584403 1.1662257362237887 , -0.05100018040841897 0.034365835553526104 , 0.43651746912605516 0.26711069925969155 
0.7879892122324064 1.1730246338711134 , -0.04765849324315833 0.022134431211592483 , 0.4314370667868284 0.2725432059543003 
0.7896604671831519 1.1796862654302633 , -0.04399963776654421 0.010093439588418187 , 0.4261069563594688 0.27792256601832466 
0.7912648559537877 1.1862121370911496 , -0.0400306170011759 -0.0017475701459484273 , 0.42053354682346467 0.28323770409180504 
0.792802924308661 1.1926037322915493 , -0.03575883851162436 -0.013379300365184142 , 0.41472369997903985 0.28847783911064107 
0.7942751751171784 1.198862514604486 , -0.031192101609351965 -0.024792756070449284 , 0.4086847122682501 0.29363251250296946 
0.7956820734601968 1.2049899302552831 , -0.02633858132993619 -0.03597927470796376 , 0.40242429364581583 0.2986916154896867 
0.7970240514657762 1.2109874102765834 , -0.021206809333004253 -0.04693055435645383 , 0.39595054364330456 0.30364541511687654 
0.7983015128781977 1.2168563723112173 , -0.01580565192483931 -0.05763867993943988 , 0.38927192482271805 0.30848457866522877 
0.7995148373619455 1.2225982220746283 , -0.010144285450285175 -0.06809614714453364 , 0.3823972338644161 0.3132001961069117 
0.8006643845407887 1.2282143544905306 , -0.0042321693428111935 -0.07829588376675403 , 0.3753355705780989 0.31778380031322967 
0.80175049777116 1.233706154515509 , 0.0019209828419890548 -0.08823126823440978 , 0.36809630516292735 0.3222273847559071 
0.8027735076486464 1.2390749976702669 , 0.0083052340547758 -0.09789614512312489 , 0.36068904407265423 0.32652341848986444 
0.8037337352465416 1.24432225029713 , 0.014910455666508553 -0.10728483751467915 , 0.35312359486302636 0.33066485825455544 
0.8046314950859879 1.249449269565112 , 0.021726360278912032 -0.1163921561109386 , 0.3454099304111766 0.33464515758283303 
0.8054670978381915 1.254457403245299 , 0.02874253503781092 -0.12521340506762846 , 0.3375581529000741 0.33845827285933594 
0.8062408527604485 1.2593479892804613 , 0.03594847506012279 -0.13374438456643517 , 0.32957845795550517 0.34209866632298036 
0.806953069869196 1.2641223551735843 , 0.04333361659787577 -0.14198139019537598 , 0.3214810993090047 0.3455613060587983 
0.807604061854917 1.2687818172204375 , 0.050887369582732565 -0.14992120925516103 , 0.313276354338427 0.3488416630717303 
0.8081941457454128 1.273327679611334 , 0.05859914922121604 -0.1575611141522124 , 0.3049744908094476 0.3519357055778853 
0.8087236443256295 1.2777612334268873 , 0.0664584063430197 -0.16489885307616525 , 0.29658573510742725 0.3548398906862848 
0.8091928873238262 1.2820837555518676 , 0.07445465624120541 -0.17193263819039284 , 0.28812024221104476 0.35755115367553203 
0.8096022123753532 1.2862965075302208 , 0.08257750578243972 -0.17866113158798566 , 0.2795880676182835 0.3600668950947716 
0.8099519657766062 1.2904007343829846 , 0.09081667860640405 -0.185083429282558 , 0.2709991413930661 0.3623849659365802 
0.8102425030428221 1.2943976634092595 , 0.09916203827489864 -0.19119904351338887 , 0.26236324445835557 0.36450365114113625 
0.8104741892842439 1.2982885029886246 , 0.107603609271816 -0.19700788364807825 , 0.25368998722001646 0.3664216516964606 
0.8106473994158062 1.3020744414014742 , 0.11613159579410054 -0.20251023596364576 , 0.2449887905661695 0.36813806559917855 
0.8107625182158676 1.3057566456817544 , 0.12473639831021512 -0.20770674257948477 , 0.23626886924999346 0.3696523679347373 
0.8108199402496507 1.3093362605145396 , 0.13340862789585842 -0.2125983798035692 , 0.2275392176305672 0.3709643903260366 
0.8108200696729613 1.3128144071888592 , 0.1421391183862554 -0.21718643613760327 , 0.2188085977168596 0.3720742999857511 
0.810763319931462 1.3161921826142082 , 0.15091893640998608 -0.22147249016822804 , 0.2100855294346282 0.37298257859102696 
0.8106501133702897 1.3194706584072757 , 0.15973938939089438 -0.22545838855075206 , 0.20137828301489213 0.37369000118048357 
0.8104808807681748 1.322650880053649 , 0.168592031622138 -0.22914622426991013 , 0.19269487338576338 0.37419761525326845 
0.8102560608094507 1.325733866147601 , 0.17746866853003118 -0.23253831533955646 , 0.18404305643659435 0.37450672022896275 
0.8099760995064773 1.3287206077115767 , 0.18636135925521766 -0.23563718408056877 , 0.17543032701438127 0.3746188474059993 
0.8096414495840643 1.3316120675956578 , 0.19526241768518698 -0.2384455370940882 , 0.16686391850682497 0.3745357405354377 
0.809252569836493 1.334409179956116 , 0.2041644120755563 -0.24096624602596567 , 0.15835080386402695 0.374259337106857 
0.808809924466729 1.3371128498111624 , 0.21306016339825815 -0.24320232919825546 , 0.1498976979110891 0.37379175042410046 
0.8083139824164048 1.3397239526711509 , 0.22194274255318525 -0.245156934165032 , 0.14151106080648615 0.37313525253088853 
0.8077652166941584 1.3422433342398046 , 0.23080546657632853 -0.2468333212328706 , 0.13319710250558933 0.3722922580300735 
0.8071641037089463 1.3446718101824817 , 0.23964189397237315 -0.24823484797111933 , 0.12496178809475669 0.3712653088256451 
0.8065111226140319 1.3470101659570786 , 0.24844581929343043 -0.24936495472363268 , 0.11681084386861375 0.3700570598035617 
0.8058067546664742 1.3492591567028651 , 0.2572112670783972 -0.2502271511219223 , 0.10874976403120466 0.3686702654560647 
0.8050514826061365 1.3514195071823534 , 0.2659324852596285 -0.25082500358965215 , 0.10078381791031112 0.3671077674443063 
0.8042457900574825 1.3534919117711903 , 0.27460393813542905 -0.25116212381998076 , 0.09291805758316443 0.3653724830857979 
0.8033901609567473 1.355477034491045 , 0.2832202989985256 -0.2512421582003228 , 0.08515732582080315 0.36346739474628526 
0.80248507900645 1.3573755090804942 , 0.2917764425023491 -0.2510687781535507 , 0.07750626426727696 0.36139554011006403 
0.8015310271586695 1.359187939099008 , 0.3002674368387805 -0.2506456713603477 , 0.06996932177862601 0.3591600032983472 
0.8005284871280105 1.3609148980592727 , 0.30868853579310485 -0.24997653382423046 , 0.06255076285496064 0.3567639068019653 
0.7994779389347636 1.3625569295832585 , 0.3170351707343678 -0.2490650627385486 , 0.05525467610694454 0.3542104041922976 
0.7983798604783909 1.3641145475776388 , 0.325302942592198 -0.24791495011341047 , 0.04808498270548699 0.3515026735727791 
0.7972347271411515 1.3655882364243797 , 0.3334876138644903 -0.24652987711986396 , 0.04104544477043409 0.3486439117324919 
0.7960430114214122 1.3669784511825422 , 0.3415851006941675 -0.24491350910865897 , 0.034139673660496125 0.3456373289631242 
0.7948051825959658 1.3682856177975768 , 0.34959146504756167 -0.24306949126143731 , 0.027371138132548323 0.34248614450086795 
0.7935217064104936 1.369510133314609 , 0.3575029070217813 -0.24100144483313798 , 0.02074317234380087 0.3391935825555365 
0.7921930447971622 1.3706523660924546 , 0.3653157573037502 -0.23871296394569 , 0.014258983675163261 0.33576286889024287 
0.7908196556182275 1.3717126560153166 , 0.3730264697993997 -0.2362076128946159 , 0.007921660358448462 0.3321972279163068 
0.7894019924344297 1.3726913146993285 , 0.38063161444774724 -0.2334889239319241 , 0.0017341788938987955 0.32849988026960314 
0.7879405042968995 1.3735886256913117 , 0.38812787023127987 -0.23056039549056895 , -0.004300588752103766 0.3246740408362647 
0.7864356355612528 1.374404844657301 , 0.39551201839114714 -0.22742549081775892 , -0.01017986817632438 0.32072291719746543 
0.7848878257225205 1.375140199558565 , 0.4027809358531335 -0.22408763698645517 , -0.01590097579957844 0.31664970846489754 
0.7832975092695543 1.3757948908130124 , 0.40993158886819114 -0.2205502242564893 , -0.02146131236166994 0.31245760448048415 
0.7816651155575464 1.3763690914400137 , 0.4169610268694439 -0.21681660575881773 , -0.026858356650914763 0.3081497853558113 
0.7799910686973102 1.3768629471868037 , 0.42386637654599557 -0.2128900974784945 , -0.03208965946723026 0.30372942132869807 
0.7782757874599909 1.3772765766347412 , 0.43064483613256144 -0.20877397851396973 , -0.03715283781647692 0.29919967291623584 
0.7765196851958944 1.3776100712838029 , 0.4372936699128695 -0.2044714915922942 , -0.04204556933268848 0.2945636913454986 
0.7747231697661527 1.3778634956137745 , 0.4438102029339213 -0.19998584382172027 , -0.046765586923998625 0.28982461924495295 
0.7728866434859755 1.3780368871206716 , 0.4501918159275433 -0.19532020766503086 , -0.05131067363744335 0.28498559158136655 
0.7710105030782662 1.3781302563269788 , 0.45643594043517616 -0.19047772211869465 , -0.05567865773736703 0.2800497368287231 
0.7690951396364183 1.3781435867643432 , 0.46254005413152666 -0.18546149408463777 , -0.059867407991869556 0.27502017835730186 
0.767140938595132 1.3780768349273804 , 0.46850167634252826 -0.18027459992303524 , -0.06387482916158493 0.2699000360326621 
0.7651482797081306 1.3779299301972767 , 0.474318363753009 -0.17492008717606397 , -0.06769885768506426 0.2646924280157945 
0.7631175370316745 1.3777027747338695 , 0.4799877062995372 -0.16940097645402175 , -0.07133745755513633 0.25940047275715955 
