0.6173695461080226 0.36721062309402264 , 0.8290295481394007 0.798373908705802 , 0.012699145143603707 0.9078321141432847 
0.6044427616332475 0.36159370635606 , 0.8324038268344884 0.7954379230728243 , 0.02225165092329106 0.9163850165142251 
0.5915887520674121 0.3564277170669924 , 0.8354517727561478 0.7921767740362403 , 0.032057714567467074 0.9248121548398767 
0.5788116519737042 0.35170108847673837 , 0.8381695754298784 0.7886097210452959 , 0.042117011987444455 0.9331058364210751 
0.5661155314890374 0.34740370606483295 , 0.84055366909031 0.7847547016476375 , 0.05242903881167953 0.9412582382306389 
0.553504492569868 0.34352672563328235 , 0.8426006429142313 0.7806285062998812 , 0.0629931039069276 0.9492614140099458 
0.5409827463730056 0.3400624126816617 , 0.8443071690532132 0.7762469323097168 , 0.07380832396480816 0.9571073009517308 
0.5285546755938301 0.33700399994248365 , 0.8456699446594358 0.7716249202085173 , 0.08487361913776109 0.9647877257921084 
0.5162248847048176 0.334345560474666 , 0.8466856450083214 0.7667766753522631 , 0.09618770967788792 0.9722944101161801 
0.503998240382959 0.33208189415418177 , 0.8473508855106461 0.7617157771226437 , 0.10774911349742193 0.9796189746662838 
0.4918799039269818 0.33020842577218745 , 0.8476621909337722 0.7564552777403304 , 0.11955614453027308 0.9867529424305914 
0.4798753571017965 0.32872111326110975 , 0.8476159705591882 0.7510077923988766 , 0.13160691173004224 0.9936877402831229 
0.4679904225772766 0.3276163648268559 , 0.8472084983227925 0.7453855821710906 , 0.1438993184909579 1.0004146989451628 
0.4562312799285329 0.32689096397816597 , 0.8464358972382142 0.7396006309213939 , 0.1564310622242799 1.0069250510435492 
0.444604478018361 0.32654200161880664 , 0.8452941276088373 0.7336647172697859 , 0.16919963376382874 1.0132099270545165 
0.4331169444769134 0.32656681451053227 , 0.843778978703616 0.7275894824885069 , 0.18220231621049762 1.01926034894407 
0.421775992919453 0.3269629295293485 , 0.8418860637145148 0.721386495064859 , 0.19543618275705918 1.0250672213489016 
0.41058932849319235 0.3277280132287023 , 0.8396108179362249 0.7150673125268753 , 0.2088980929616097 1.0306213201875314 
0.3995650523134382 0.3288598262942462 , 0.836948500216434 0.7086435409968433 , 0.22258468686115485 1.0359132786520195 
0.38871166533363744 0.33035618252869886 , 0.8338941978203549 0.702126892805393 , 0.23649237623703462 1.0409335706090173 
0.37803807219067703 0.33221491204450104 , 0.8304428349378223 0.6955292423601851 , 0.25061733226252764 1.045672491538423 
0.36755358557405066 0.33443382836849694 , 0.8265891851347407 0.6888626803122452 , 0.26495546868223563 1.050120137262367 
0.35726793168419424 0.3370106991784394 , 0.822327888110876 0.6821395658935037 , 0.27950241959595673 1.054266380871166 
0.3471912573710465 0.33994322039705693 , 0.8176534711685678 0.6753725771047588 , 0.29425351085141266 1.0581008484412935 
0.33733413957904346 0.343228993366718 , 0.8125603758148999 0.6685747582076855 , 0.30920372399708357 1.0616128943687058 
0.32770759777033154 0.3468655048169901 , 0.8070429899028823 0.6617595637116247 , 0.3243476517178131 1.0647915774144945 
0.31832311005576325 0.35085010931881067 , 0.8010956856508836 0.6549408977406681 , 0.33967944368437997 1.0676256388836305 
0.30919263383584283 0.3551800138922629 , 0.7947128637446172 0.6481331473160157 , 0.35519274181056676 1.0701034847348307 
0.3003286318448418 0.3598522643991701 , 0.7878890034973295 0.6413512076933806 , 0.3708806040488555 1.0722131738505587 
0.29174410460565053 0.3648637333052402 , 0.7806187186899096 0.6346104974619114 , 0.3867354160954667 1.0739424151759578 
0.2834526304469701 0.37021110833665755 , 0.7728968181950346 0.627926960655232 , 0.4027487907490221 1.0752785769512199 
0.27546841441659553 0.37589088147891064 , 0.7647183697634632 0.6213170526752798 , 0.4189114552109681 1.076208711788919 
0.2678063476558683 0.38189933766558054 , 0.7560787643668644 0.6147977064319745 , 0.4352131273682941 1.0767196018455543 
0.26048207909556215 0.38823254237371346 , 0.7469737771998889 0.608386274825854 , 0.4516423830955757 1.0767978287435418 
0.2535121017120633 0.39488632716879735 , 0.7373996197997268 0.6021004456446047 , 0.4681865178792366 1.076429873129707 
0.24691385607102226 0.4018562720099796 , 0.727352975714189 0.5959581252380164 , 0.48483140760581545 1.0756022486951131 
0.24070585451935908 0.40913768281172436 , 0.7168310097368311 0.5899772881421597 , 0.5015613751348365 1.074301674989225 
0.23490783021441922 0.4167255623280428 , 0.7058313379692139 0.5841757913326934 , 0.5183590712073934 1.0725152922823729 
0.22954091626861697 0.4246145718307299 , 0.6943519429607956 0.5785711542026948 , 0.535205380161614 1.0702309199096844 
0.22462786173297997 0.43279898022122376 , 0.6823910150727728 0.5731803088751202 , 0.5520793625852738 1.0674373568467652 
0.22019329307562538 0.44127259603795316 , 0.6699466982223652 0.5680193302229017 , 0.568958248093036 1.0641247196822543 
0.21626403241853973 0.45002867613137193 , 0.6570167155126162 0.5631031610509322 , 0.5858174914598706 1.0602848087608052 
0.21286948734583833 0.45905980231971044 , 0.6435978481014517 0.5584453552645892 , 0.6026309039437364 1.0559114883588099 
0.21004213197509913 0.4683577137026661 , 0.6296852389852022 0.5540578704031981 , 0.6193708684307251 1.0510010618372454 
0.2078181057513395 0.47791307684153544 , 0.6152714917744164 0.5499509505802539 , 0.6360086418652705 1.0455526185213202 
0.20623796589963656 0.4877151676323687 , 0.6003455320583724 0.5461331518557742 , 0.6525147414330176 1.0395683264549667 
0.20534764285323645 0.4977514255848181 , 0.5848911938389542 0.5426115753342339 , 0.6688594026988359 1.0330536450240575 
0.20519966699083844 0.5080068202362574 , 0.568885483061545 0.5393923913494488 , 0.6850130893386431 1.0260174343574031 
0.2058547621086175 0.5184629350247849 , 0.5522964507669431 0.5364817663582693 , 0.7009470265154659 1.0184719445600552 
0.20738393941530794 0.5290966160084845 , 0.5350805753036401 0.5338873531883801 , 0.7166337246720784 1.0104326767462448 
0.20987127885110446 0.5398779324162184 , 0.5171795019254812 0.531620595115398 , 0.7320474586144406 1.001918118411493 
0.21341765287123768 0.550767016619083 , 0.49851591778573445 0.5297002630020847 , 0.7471646687340542 0.9929493663219416 
0.21814571872300192 0.5617090203149487 , 0.4789882638808859 0.5281579665918156 , 0.7619642567871385 0.9835496590363451 
0.22420651528799387 0.5726257951747425 , 0.45846396731898514 0.5270470039369307 , 0.7764277567840473 0.9737438468314361 
0.23178770908575486 0.5834016849097211 , 0.4367711596064331 0.5264571329846016 , 0.7905393706988383 0.9635578280487868 
0.24112208723883863 0.5938584472840474 , 0.41369028487772763 0.5265402215598411 , 0.8042858672744599 0.953017977099221 
0.25248932423538895 0.6037100890471249 , 0.38895256592284966 0.5275559766750263 , 0.8176563492327876 0.9421505802209584 
0.26618443980667184 0.6124836783942302 , 0.3622718985151574 0.5299516871917698 , 0.830641901069197 0.9309812803571097 
0.28236581106673075 0.6194066034781713 , 0.3334972834879037 0.5344755287992302 , 0.8432351448363918 0.9195345136657082 
0.3005886229320251 0.6233999437643644 , 0.3030798328897269 0.5421837895016735 , 0.8554297835692742 0.907832912677072 
0.31914824169676614 0.6237096764811411 , 0.2727296442723071 0.5538102371563038 , 0.8672203534219529 0.8958967323056649 
0.33585104499032037 0.6209912996047254 , 0.2446446932976283 0.5686816951351653 , 0.8786025011030775 0.883743651203219 
0.3498061583018971 0.6166757879493535 , 0.21971856106668777 0.5853515517154605 , 0.8895735200224413 0.8713893062782957 
0.36121396740187134 0.6118031859222492 , 0.19775184012536157 0.6027654047917801 , 0.9001324318637932 0.8588480552290804 
0.370554404029407 0.6069162467088348 , 0.17826415781732374 0.6203669504061176 , 0.9102796775442954 0.8461334488281574 
0.3782684703960423 0.6022720897824305 , 0.16081302502813574 0.6378861113929098 , 0.9200167439668481 0.8332584447677694 
0.38470198491864416 0.5979876382247802 , 0.14505040030487845 0.6551935083951931 , 0.9293458541675035 0.8202354993231364 
0.3901171965345747 0.5941120763646596 , 0.13071130707843587 0.672227956680919 , 0.9382697357780154 0.8070766128975311 
0.394713498721532 0.5906612197200579 , 0.11759328664579742 0.688962065232313 , 0.9467914540236966 0.7937933609907388 
0.3986446235645092 0.5876341034844844 , 0.10553932265299991 0.7053856204906765 , 0.954914293173517 0.7803969219679487 
0.4020311157829486 0.5850212572787609 , 0.09442545006388452 0.7214972837085701 , 0.9626416735441929 0.7668981049557786 
0.4049690922982646 0.5828089689758664 , 0.08415205254473007 0.7373002987511853 , 0.9699770945480314 0.7533073782160579 
0.40753638775094725 0.5809815398213372 , 0.07463775474494502 0.7528002087247194 , 0.9769240968951338 0.739634897397053 
0.40979691223127757 0.5795224974505208 , 0.06581508821889029 0.7680036156036453 , 0.9834862389408583 0.7258905328889436 
0.4118037874891755 0.5784152516492896 , 0.05762736840440841 0.7829174986823547 , 0.9896670834974423 0.7120838956114651 
0.4136016403375998 0.5776434448767626 , 0.05002640668253297 0.7975488403303348 , 0.9954701923708934 0.6982243607360122 
0.4152283063734947 0.5771911327410127 , 0.04297080645700174 0.81190442418596 , 1.0008991265605296 0.6843210890161369 
0.416716114753668 0.5770428689280683 , 0.036424674086831414 0.8259907314705567 , 1.0059574505505267 0.6703830455444846 
0.41809287072777207 0.5771837365594115 , 0.030356629177742143 0.8398138935172288 , 1.010648739485512 0.6564190158664692 
0.41938261688449907 0.5775993500377012 , 0.02473903421360026 0.8533796764407847 , 1.014976588292927 0.6424376194646235 
0.4206062301232893 0.5782758413344761 , 0.019547387248508977 0.8666934839206991 , 1.018944622019228 0.6284473206879343 
0.4217818950988155 0.5791998388559603 , 0.014759837489267909 0.8797603698442408 , 1.0225565068029427 0.6144564372429084 
0.4229254836756343 0.5803584436170517 , 0.010356794687492621 0.892585055933882 , 1.0258159610278992 0.6004731463921757 
0.4240508620931273 0.581739205432383 , 0.006320611004108112 0.9051719514849866 , 1.0287267662937907 0.5865054890257398 
0.4251701419848984 0.5833301006220492 , 0.0026353194907718543 0.917525173538793 , 1.0312927779153558 0.5725613717822673 
0.4262938874052752 0.5851195119993678 , -0.000713582735036758 0.9296485665386603 , 1.0335179347207877 0.5586485674050814 
0.4274312871112573 0.5870962114673796 , -0.0037393156884676045 0.9415457209545111 , 1.0354062679682365 0.544774713521219 
0.4285902992092426 0.5892493452863156 , -0.00645396905739459 0.9532199906237895 , 1.0369619092391782 0.5309473100330045 
0.4297777736821621 0.5915684219179063 , -0.008868631492168192 0.9646745087144484 , 1.0381890972010324 0.5171737153107548 
0.4309995571120479 0.5940433022628435 , -0.010993500881279254 0.9759122023074036 , 1.0390921831602575 0.5034611413728624 
0.4322605829989896 0.5966641920595918 , -0.01283797896030535 0.9869358056476477 , 1.039675635352342 0.48981664823587007 
0.43356495037444226 0.5994216361904207 , -0.014410752920863574 0.9977478721403031 , 1.0399440419374475 0.47624713761238574 
0.4349159928609513 0.6023065146342799 , -0.015719866160462413 1.0083507851799733 , 1.0399021126905372 0.46275934612885633 
0.4363163399025416 0.6053100398098987 , -0.016772779904502468 1.0187467679048374 , 1.0395546793929868 0.44935983822837333 
0.4377679715518244 0.6084237550624937 , -0.017576427110011054 1.0289378919647942 , 1.0389066949492127 0.4360549989158215 
0.4392722679303712 0.6116395340613369 , -0.01813725980621351 1.0389260853879279 , 1.0379632312668683 0.42285102649384476 
0.4408300542625582 0.6149495808916987 , -0.018461290824275584 1.0487131396230929 , 1.0367294759527435 0.40975392542831796 
0.4424416422082795 0.6183464306423874 , -0.01855413070589404 1.0583007158293782 , 1.0352107278886407 0.39676949947134404 
0.4441068680779145 0.6218229503086613 , -0.018421020449090802 1.0676903504761228 , 1.0334123917622025 0.3839033451583254 
0.44582512839706245 0.6253723398492881 , -0.01806686064289286 1.0768834603103246 , 1.0313399716368565 0.37116084578349695 
0.4475954131937325 0.6289881332556665 , -0.01749623745542112 1.0858813467418524 , 1.0289990636527147 0.3585471659455907 
