0.23024249447455736 0.8968720070925982 , 0.763711318278167 0.18434538827983715 , 0.7144701505499308 0.05408537111050604 
0.23402853829752976 0.8997072389164931 , 0.7569610565425019 0.18654563982433642 , 0.7174343684626234 0.04904988774211193 
0.23793957863883272 0.9023518849146721 , 0.7493933581638504 0.18626161649315362 , 0.7210910264999719 0.04668926507511573 
0.241974383348917 0.9048046509944457 , 0.7412149326846422 0.18343196777979914 , 0.7252346472690959 0.047066147708696514 
0.2461315824232572 0.9070641095600018 , 0.7326378883462592 0.17792442764927432 , 0.7296544925331387 0.05031422927366521 
0.25040963872096195 0.9091287760539534 , 0.7239200187440119 0.16952999014516043 , 0.7340943058376813 0.056644000283827524 
0.25480684714439916 0.9109971908965406 , 0.715428196583822 0.1579737539339295 , 0.738188919574434 0.06633182165247117 
0.25932137614382483 0.9126679969940042 , 0.7077455234592983 0.14300250827623956 , 0.741357063699532 0.07963226121269751 
0.2639513738006199 0.914139988243389 , 0.7018038616169495 0.12473828704343057 , 0.7426687278850859 0.09642449119612177 
0.26869516109951025 0.9154120730043879 , 0.6987377968717832 0.10454654408101952 , 0.7409910053313619 0.11534414939753398 
0.2735514738603147 0.9164830735350359 , 0.6988712150694404 0.0852894044100968 , 0.7360012743729002 0.1335302885378087 
0.27851955769739356 0.9173514214605535 , 0.7012672915741458 0.06913912265267402 , 0.728637114031116 0.14881222236971395 
0.28359901039780716 0.9180150109399673 , 0.704838844376137 0.056650825724498505 , 0.7199861085287111 0.1606369298184757 
0.2887895563085269 0.918471250977487 , 0.7088596168747664 0.04766531744522994 , 0.7107747901193621 0.16916619806022448 
0.2940908766969453 0.9187171910568798 , 0.7128837833187064 0.041892034737775065 , 0.7014493032870036 0.1746935406882866 
0.2995025042298452 0.9187496527395094 , 0.7166158913146069 0.03908300594599688 , 0.6923055677582032 0.1774701077974352 
0.30502376588209423 0.9185653489471147 , 0.7198295472954582 0.03906581409126185 , 0.6835706501251028 0.17767160344456484 
0.3106537628493334 0.9181609868780082 , 0.7223189616048247 0.04174156206561741 , 0.6754512388484971 0.1754002175393158 
0.31639138179469983 0.9175333519232062 , 0.723864530676419 0.04707673269241861 , 0.6681680508315364 0.17069268186731662 
0.32223533547684907 0.9166793675387563 , 0.7242001680309993 0.05509353626479571 , 0.6619884597948068 0.1635298626793894 
0.3281842329703663 0.9155961217110231 , 0.7229735101320743 0.06585187596966785 , 0.6572662202002146 0.15385476880225052 
0.33423668063565937 0.9142808437939903 , 0.7196945145395671 0.07939731161456653 , 0.6544927681274288 0.14162461107438468 
0.3403914134519691 0.9127308043438657 , 0.7136944488496464 0.09559869288513115 , 0.6543381010010397 0.1269732692539447 
0.34664744565457734 0.9109430958176272 , 0.7042469868403278 0.11370622135144857 , 0.6575295308077501 0.11065344931386573 
0.3530041890098555 0.9089142594414361 , 0.6912765888389603 0.1317041771454921 , 0.6641431854538395 0.09468432989601333 
0.35946140584972536 0.9066398646521935 , 0.6762149030050355 0.14704808195231805 , 0.6727476544478944 0.08161481987842997 
0.366018929492851 0.904114402217919 , 0.6608947310407818 0.15869625906430201 , 0.6815103027690226 0.07249210520072052 
0.37267638416544535 0.9013315694572699 , 0.646382625246094 0.1668730109876842 , 0.689364953891116 0.06709818603798748 
0.3794330663458545 0.8982846211654325 , 0.6331501896278853 0.17209935511308255 , 0.6958407073289156 0.06491879020442654 
0.38628794583476694 0.8949666247632165 , 0.6214104150635749 0.1748363779009323 , 0.7007256024043136 0.06549976381879279 
0.3932397282338672 0.8913706144595445 , 0.6112887795168854 0.1754315466497395 , 0.7038954555519027 0.0685006053736576 
0.4002869480110746 0.8874896647701764 , 0.6028977959844362 0.17413619561654947 , 0.7052392193071446 0.07367690609621573 
0.4074280765525246 0.8833168965873346 , 0.5963735790325908 0.1711311997806192 , 0.70462230771754 0.08085467011498787 
0.4146616352303684 0.8788454203916345 , 0.5919005158136633 0.1665504955025656 , 0.7018618122586237 0.0899068505887416 
0.42198630435705536 0.8740682143949234 , 0.5897351139434783 0.16050616287136518 , 0.6967025450021217 0.10072838921665302 
0.42940101609500014 0.8689779293296797 , 0.5902318677046108 0.15312718690184804 , 0.6887910795030444 0.11319765025141393 
0.43690501108923524 0.8635666061408379 , 0.5938576602836628 0.1446408005412695 , 0.6776612919297572 0.12709535980083417 
0.4444978194957056 0.8578252931127274 , 0.6011182188455516 0.13556094384816053 , 0.6628079249613981 0.14191652952205372 
0.45217909068778844 0.8517435798214912 , 0.6121274116835321 0.12704530284621263 , 0.6441174609313348 0.15651388381523784 
0.45994816987925774 0.8453092019909393 , 0.6255653820382522 0.1209746644918211 , 0.6229104113851455 0.16901890000018127 
0.4678034951135328 0.838508118486005 , 0.6387697879574231 0.11859130170139122 , 0.6018506802316994 0.17820334629554543 
0.4757423062115452 0.8313251581832447 , 0.6499066273663725 0.11965299701960377 , 0.5827750297247377 0.1843246112800932 
0.4837608542303884 0.8237445630884618 , 0.6583728772304516 0.1234219306564436 , 0.5662902318418155 0.18813627273803632 
0.4918547693125545 0.8157501047706524 , 0.6640957433505266 0.12926817570541785 , 0.5524734506395743 0.19028448600687148 
0.5000193769754417 0.8073248951147663 , 0.6671367316382159 0.13674261245558536 , 0.5412678546889977 0.19123525891258994 
0.5082499194862937 0.7984510119182093 , 0.6675549935392981 0.1455282071479822 , 0.5326190502770634 0.19132354741675012 
0.5165416801011651 0.7891089906481321 , 0.6653647246921471 0.15538999861967406 , 0.526517558509343 0.19080377721513544 
0.5248900052858828 0.7792771940346082 , 0.6605198642239093 0.16613741175057786 , 0.5230140937928631 0.18988816069775558 
0.53329020480099 0.7689310526443347 , 0.6529045111293474 0.17759272463902628 , 0.5222292473723178 0.18877898919958067 
0.5417372852648787 0.7580421658892953 , 0.6423240476906004 0.1895559367992976 , 0.5243626303471761 0.18770466379434878 
0.5502254365440188 0.7465772718486102 , 0.6285046541516529 0.20175173356863949 , 0.5296938726069834 0.18697376106569194 
0.5587471435603039 0.7344971651897634 , 0.6111423293016602 0.21373552760256018 , 0.5385344904406911 0.18707007369061815 
0.5672917750451505 0.7217558305557692 , 0.5901520341240399 0.22474385080808426 , 0.5509801541334648 0.18880308511908822 
0.5758436806712942 0.7083004218248616 , 0.5664475728660767 0.2336582043698829 , 0.5661327097652843 0.1933441402881971 
0.5843806341785579 0.6940728098012829 , 0.5427262202484516 0.23977196559633343 , 0.5813171088756457 0.20145799108532533 
0.5928742868932178 0.6790114049737245 , 0.521662234936723 0.24373397444205264 , 0.5938874414727144 0.21255738706716462 
0.6012918899927892 0.6630498075573922 , 0.5041817860658038 0.24665290210034116 , 0.6029502872440623 0.2256000568252084 
0.6095966326815341 0.6461122891383176 , 0.49025669285235857 0.24933024333200324 , 0.6085706377687625 0.23986023401262083 
0.6177458638783284 0.6281076516205113 , 0.4796504522159341 0.2522666617132066 , 0.6110276472083926 0.2549284531492238 
0.6256869990780327 0.6089215167038257 , 0.4721585110265756 0.2557968601449005 , 0.6105784531980469 0.2705843896342156 
0.6333499874306217 0.588406211396259 , 0.4676592415552917 0.26018155824442313 , 0.6074147343167419 0.2867149968422596 
0.640633484131896 0.5663672411073291 , 0.46611770321755397 0.2656642556757398 , 0.6016727759532052 0.30327126969987295 
0.6473785684701173 0.5425463401073278 , 0.4675812104114641 0.27251347984014035 , 0.5934641844210738 0.3202429465354737 
0.6533175817170077 0.5166065051098803 , 0.47217321513830257 0.2810648629997526 , 0.582933166447345 0.33763139837330897 
0.6579777093122756 0.48814506401809143 , 0.4800782583236443 0.291772386802682 , 0.5703679956667354 0.35538531566216836 
0.6605337898140139 0.4568175106063446 , 0.49149629740852374 0.3052676631086787 , 0.5563938760801177 0.3732175927679185 
0.6597400433517615 0.4226969960822115 , 0.5065333985877751 0.32238559451543386 , 0.5421505213631186 0.39022017588529645 
0.6542636617214383 0.386644699335868 , 0.5250386624952402 0.3440008324594572 , 0.5291216390859766 0.40465723468761666 
0.6431163507838102 0.35013692818276504 , 0.5464820121714126 0.37028592549526423 , 0.5188256003474323 0.41487991280491254 
0.6260501776526349 0.3156241797260436 , 0.5694882945154786 0.39894097659959615 , 0.5128854911345416 0.42073761015730204 
0.6051885267634434 0.28571367761507727 , 0.5909353883762463 0.42604361311561584 , 0.5123000481629654 0.4235454757522487 
0.5827784192615567 0.2604064905516422 , 0.608840913044921 0.45031017493878694 , 0.5168046309961772 0.4245861009925127 
0.559840379036983 0.2389340433820092 , 0.623010740141957 0.47172553630286607 , 0.5255728441237151 0.4246431867980666 
0.5369059614319514 0.22067241087137413 , 0.633779879211846 0.4903615700098749 , 0.5377381226588578 0.42426878560169284 
0.5143251703362489 0.20511986974336757 , 0.641552158990287 0.5062090931860214 , 0.5525466339761193 0.4239738035535529 
0.4923272290904168 0.19183454388813512 , 0.6467109134854538 0.519182337434609 , 0.5693858207267845 0.4242858851601977 
0.47103723630398187 0.18042343362631105 , 0.649620042484739 0.5291343032720376 , 0.5877666845139342 0.42574502958459315 
0.45049850430643146 0.17055094885260114 , 0.6506475984220929 0.5358652303448825 , 0.6072778605741308 0.42888658728545814 
0.4307005109255767 0.1619442042957036 , 0.6502031293578324 0.539128474841194 , 0.627520323019246 0.43423008734604424 
0.4116040444973319 0.15438989100578504 , 0.6487954716711636 0.5386482012893621 , 0.6480244471341596 0.44226467418779464 
0.3931593460040876 0.1477256660026698 , 0.6471192967725087 0.5341821170971653 , 0.6681453205260589 0.4533949833831067 
0.37531739472966796 0.14182979470516724 , 0.6461545545305714 0.5256962635114861 , 0.6869520140424158 0.4677767082662884 
0.35803606954799166 0.13661107264666253 , 0.6471618980039543 0.5137172726088405 , 0.7032259957507092 0.48497442122743883 
0.3412825494637579 0.13199952218923938 , 0.6513123773391242 0.49966807527037893 , 0.7158290364997731 0.5036351690233236 
0.3250324230958153 0.12793811350960044 , 0.6590228781719668 0.48554367748145844 , 0.7243686620348732 0.5218209754918831 
0.30926632166552126 0.1243767378913805 , 0.6698235052900009 0.4729965694833155 , 0.7293341363471331 0.5379294591082461 
0.2939663251342435 0.12126949402367165 , 0.6828694046557359 0.46293279647521757 , 0.7315882335126759 0.5511004759840529 
0.27911397222205864 0.11857441634092172 , 0.6973535973322365 0.4557190330189348 , 0.7319563937483601 0.5610093171230857 
0.26468993571817 0.11625399988611791 , 0.7126217068185003 0.4514639452799437 , 0.7311123207659848 0.5675848213168805 
0.2506745971355145 0.11427554977999543 , 0.7281485931139076 0.45018369647713496 , 0.7296007730532331 0.5708435202258118 
0.23704885958667007 0.11261110983813266 , 0.743483416520754 0.451876489597868 , 0.727891687195231 0.5708151670469415 
0.2237948580445725 0.11123705186763745 , 0.7581940374768781 0.45654796291438837 , 0.7264350677812046 0.5675177517009163 
0.21089645429645965 0.11013346874585174 , 0.7718129939222621 0.46420570768356195 , 0.7257145150839334 0.5609635900535285 
0.1983395090443496 0.10928347675403519 , 0.7837825468750971 0.47481813362951575 , 0.7263019073832084 0.5512011560993912 
0.1861119457920119 0.10867248123542121 , 0.7934084782287001 0.48820774377027293 , 0.7289035392819432 0.5384225414772481 
0.17420359704774402 0.10828743055109279 , 0.7998801041688672 0.5038274360281534 , 0.7343402620860439 0.5231878999036961 
0.16260578718466318 0.10811610515457937 , 0.8025131168185649 0.5204417900713681 , 0.743305059299427 0.5067448712569947 
0.15131063876836354 0.10814659193202256 , 0.8013096699271172 0.5361102415842008 , 0.7558036546071744 0.49104593296671883 
0.1403103199176987 0.10836719216884061 , 0.797254182601391 0.5489989942501761 , 0.7708594607835654 0.47793658006392553 
0.1295966817917596 0.10876678544250634 , 0.7917332988985576 0.5582044681409123 , 0.787093982612338 0.4683315128995236 
0.11916142071107996 0.10933526397819528 , 0.78589564760426 0.5636331350693784 , 0.8033668949873152 0.4623343674353686 
