0.25487428867954354 0.9361636750370009 , 0.3165555713093571 0.09372614631633835 , 0.9975295955159682 0.16686917126042455 
0.2624325708292553 0.9432190309670359 , 0.3125401487287642 0.08478822503018223 , 0.9939867359468493 0.16875173661654572 
0.2700582876421302 0.9500788541252444 , 0.3087210102279916 0.0760077593321001 , 0.990180157634747 0.17067237915641928 
0.2777491374869098 0.9567463189702945 , 0.3050990019405576 0.06738345498057255 , 0.9861113160774013 0.1726292186628967 
0.28550303407743377 0.9632243182881439 , 0.3016748985078256 0.05891421805959824 , 0.9817815229196094 0.17462045626602155 
0.2933180805139111 0.9695154735340531 , 0.2984494251184298 0.05059915584406616 , 0.9771919498725279 0.1766443632356444 
0.30119254589711913 0.975622144872365 , 0.2954232768284434 0.04243757764809961 , 0.9723436327793062 0.17869927009329908 
0.30912484417554187 0.9815464408198159 , 0.2925971355202125 0.03442899584766171 , 0.9672374758091143 0.1807835559462861 
0.31711351492161777 0.9872902274334955 , 0.2899716848114186 0.026573127235423745 , 0.9618742557718323 0.1828956379448445 
0.3251572057659527 0.9928551370124025 , 0.2875476231841499 0.01886989484068869 , 0.956254626554766 0.1850339607606726 
0.3332546562476403 0.9982425763035488 , 0.285325675566262 0.011319430328530652 , 0.9503791236909663 0.1871969859816843 
0.3414046828649123 1.003453734221107 , 0.2833066035636851 0.003922077079059279 , 0.9442481690762712 0.18938318131359763 
0.34960616513348286 1.0084895891012786 , 0.28149121451213777 -0.00332160596110758 , 0.937862075859248 0.1915910094735929 
0.357858032480471 1.0133509155272744 , 0.27988036948945527 -0.010410839568229024 , 0.9312210535349423 0.19381891665471856 
0.3661592518200182 1.018038290768733 , 0.27847499040495677 -0.017344618586807855 , 0.9243252132798936 0.19606532043183875 
0.3745088156730092 1.0225521008886551 , 0.2772760662594733 -0.024121705245479633 , 0.9171745735723861 0.1983285969705884 
0.3829057307080073 1.026892546578924 , 0.2762846586483709 -0.03074062135508278 , 0.9097690661484904 0.2006070673899227 
0.39134900659398325 1.0310596487930936 , 0.2755019065596567 -0.03719963929564206 , 0.9021085423512287 0.20289898311631246 
0.3998376450680017 1.035053254252616 , 0.2749290304995836 -0.043496771692211236 , 0.8941927799372834 0.20520251005335924 
0.408370629133096 1.0388730409102604 , 0.27456733595859173 -0.04962975967100267 , 0.886021490413181 0.20751571137450625 
0.4169469123134742 1.0425185234622731 , 0.27441821621045137 -0.05559605957706822 , 0.8775943269809432 0.20983652872855918 
0.42556540790633035 1.0459890590089156 , 0.274483154416581 -0.06139282802304072 , 0.8689108931819575 0.21216276162788922 
0.43422497818228206 1.0492838529713882 , 0.2747637249851397 -0.06701690512513245 , 0.8599707523374471 0.2144920447675085 
0.4429244235002022 1.0524019653817134 , 0.2752615941100243 -0.07246479576773852 , 0.8507734378946423 0.21682182299978928 
0.45166247131738124 1.0553423176707601 , 0.2759785193876457 -0.07773264872163406 , 0.841318464799842 0.2191493236646381 
0.4604377650929459 1.0581037000879403 , 0.27691634837853224 -0.08281623342292262 , 0.8316053420333908 0.22147152594874644 
0.46924885310167885 1.060684779893841 , 0.2780770159455244 -0.08771091420065977 , 0.8216335864576656 0.22378512692058278 
0.478094177197202 1.0630841104736086 , 0.27946254015953614 -0.09241162172055965 , 0.8114027381481308 0.22608650386071502 
0.48697206158823575 1.0653001415236143 , 0.2810750165163671 -0.09691282139059076 , 0.8009123774002661 0.22837167248074036 
0.4958807017195588 1.0673312304659361 , 0.28291661015244024 -0.1012084784518867 , 0.79016214363287 0.23063624059971438 
0.5048181533804815 1.069175655243447 , 0.284989545681946 -0.10529201945569769 , 0.7791517564424414 0.23287535682601457 
0.5137823221980291 1.0708316286415784 , 0.2872960942007474 -0.10915628980476232 , 0.7678810391060924 0.23508365377694784 
0.5227709537092642 1.0722973142697287 , 0.28983855691122373 -0.11279350701644617 , 0.756349944884381 0.2372551853604814 
0.5317816242465927 1.0735708443142442 , 0.2926192447142868 -0.11619520934662922 , 0.7445585865439894 0.239383357646149 
0.5408117329103828 1.0746503391442959 , 0.29564045298687963 -0.11935219939950996 , 0.7325072696076065 0.24146085286897798 
0.5498584949431716 1.0755339288101693 , 0.2989044306115857 -0.12225448234183005 , 0.7201965299501115 0.24347954614542466 
0.5589189368569398 1.0762197764189974 , 0.3024133421451176 -0.12489119834407268 , 0.7076271765028115 0.24543041453883932 
0.5679898936965457 1.0767061033046565 , 0.3061692217992586 -0.12725054889081164 , 0.6948003400090645 0.24730343819991907 
0.5770680088449498 1.076991215825823 , 0.31017391765535335 -0.12931971664419886 , 0.6817175290045657 0.24908749343213987 
0.5861497367852334 1.0770735335293138 , 0.31442902423489694 -0.13108477861754464 , 0.6683806944847385 0.2507702377019948 
0.5952313492261174 1.0769516183062284 , 0.31893580119658765 -0.1325306125322041 , 0.6547923050821638 0.25233798683973957 
0.6043089449670282 1.076624204048892 , 0.32369507551617865 -0.13364079640693596 , 0.6409554350216621 0.25377558497180785 
0.6133784638212951 1.0760902261917373 , 0.32870712402115093 -0.13439750168664585 , 0.6268738676624229 0.2550662681086724 
0.6224357048281078 1.0753488503954112 , 0.33397153258972184 -0.13478138058667358 , 0.6125522180870393 0.25619152280502633 
0.6314763488631414 1.0743994995187298 , 0.3394870276770055 -0.13477144884930067 , 0.5979960789647221 0.25713094194433467 
0.6404959856040978 1.0732418779273636 , 0.34525127509854225 -0.13434496583388836 , 0.5832121948022289 0.25786208052028853 
0.649490144623431 1.071875992121965 , 0.3512606401893891 -0.13347731486094996 , 0.5682086706920488 0.2583603153527487 
0.6584543301721195 1.0703021666426726 , 0.3575099025864436 -0.13214188809489796 , 0.5529952227463059 0.2585987140659891 
0.6673840589949792 1.0685210542312085 , 0.36399191799783603 -0.13030998209772207 , 0.5375834785120537 0.2585479204802774 
0.6762749002924596 1.0665336393134546 , 0.37069721851044685 -0.12795071266427477 , 0.5219873367019625 0.25817606596458403 
0.6851225167315752 1.0643412340079648 , 0.3776135423907308 -0.12503096083897308 , 0.506223396382563 0.2574487194447722 
0.6939227052264073 1.0619454660679664 , 0.3847252841944701 -0.12151536632118329 , 0.4903114660839916 0.2563288928669809 
0.7026714360729245 1.0593482584190974 , 0.39201285669540314 -0.1173663900114611 , 0.47427516273654136 0.25477712420612775 
0.7113648889478045 1.05655180024998 , 0.399451958245008 -0.11254447442499162 , 0.4581426083120565 0.2527516667887756 
0.7199994842762114 1.0535585099307678 , 0.40701274352670086 -0.10700833918866051 , 0.4419472277019567 0.2502088218716566 
0.7285719085428709 1.0503709903563232 , 0.41465890344475254 -0.10071545868467348 , 0.4257286435172455 0.24710346094211413 
0.7370791322612766 1.0469919776158285 , 0.42234667264681713 -0.09362277946550544 , 0.4095336505967752 0.24338979446344083 
0.7455184195179376 1.0434242841623524 , 0.4300238028033507 -0.08568774485843866 , 0.39341723318358074 0.2390224533098501 
0.7538873282576415 1.0396707378828094 , 0.4376285682177589 -0.07686970037799541 , 0.3774435590294687 0.23395795510894993 
0.7621837007546877 1.0357341186473374 , 0.4450889090202722 -0.06713175142455205 , 0.3616868457299093 0.2281566253909785 
0.7704056440078088 1.0316170940526685 , 0.45232186570532507 -0.05644312714504949 , 0.34623194579173533 0.22158502570614494 
0.7785515000915569 1.0273221561796702 , 0.45923351285843356 -0.04478206192306188 , 0.33117444255487866 0.2142188983571557 
0.7866198067906675 1.0228515612785354 , 0.4657196487574578 -0.03213912880048662 , 0.3166199999567439 0.2060465601357152 
0.7946092491422723 1.0182072743921933 , 0.4716675211829275 -0.018520840849854663 , 0.30268268517966934 0.1970725590714254 
0.8025186028283134 1.013390921035562 , 0.4769588390554255 -0.003953181843170077 , 0.2894820136211302 0.18732125342137196 
0.8103466707151972 1.0084037481518286 , 0.4814742019400577 0.011515438048500139 , 0.27713858284961435 0.1768398064134352 
0.8180922142420366 1.003246596626382 , 0.4850988545379306 0.027812429521718696 , 0.26576838672490205 0.1656999664656633 
0.8257538818071398 0.9979198875860098 , 0.4877293560359969 0.04484110991452481 , 0.2554762176617326 0.15399799511322926 
0.8333301367600415 0.9924236244615011 , 0.4892804153613705 0.0624830861277359 , 0.24634890338345725 0.14185228202452685 
0.8408191880066572 0.9867574122731179 , 0.48969090523415904 0.08060301605297832 , 0.238449362264053 0.12939856428766772 
0.8482189264906942 0.980920494783996 , 0.4889280587027264 0.09905532822338917 , 0.23181247031144872 0.11678316960637869 
0.8555268708427588 0.9749118091034359 , 0.4869891311706254 0.11769201530560194 , 0.22644345349148512 0.10415516820472598 
0.8627401252417518 0.9687300561319784 , 0.48390031448400944 0.1363703687234651 , 0.22231901577910812 0.09165856775832033 
0.8698553520161088 0.9623737840881723 , 0.4797132451690503 0.15495958583934952 , 0.2193908583197104 0.07942562268624205 
0.876868760779184 0.9558414814012147 , 0.47449986410453154 0.17334551757051747 , 0.2175908306211539 0.06757199364203173 
0.8837761150241712 0.9491316746029298 , 0.4683465463063323 0.19143328590548722 , 0.21683679417436588 0.05619403210534691 
0.8905727561805675 0.9422430265506296 , 0.461348333243252 0.2091479210947501 , 0.2170383660810499 0.04536804496838416 
0.8972536442227458 0.9351744303497305 , 0.4536038593589149 0.22643344030586726 , 0.2181019519232087 0.03515112195816622 
0.9038134130724553 0.9279250946822735 , 0.4452112831633544 0.24325089072062114 , 0.21993475926905964 0.025583007210869344 
0.9102464382934901 0.9204946168348586 , 0.43626529471531095 0.2595758490102129 , 0.22244772249606837 0.016688526768692504 
0.916546913979119 0.9128830405043636 , 0.42685511185953295 0.27539576597502835 , 0.22555742966621745 0.008480186134372018 
0.9227089353207464 0.905090896385878 , 0.41706329638329703 0.2907074219789198 , 0.229187223800826 0.0009606742489661948 
0.9287265831524191 0.8971192245511272 , 0.4069651988121255 0.3055146479925022 , 0.23326767354032488 -0.005874879929865394 
0.9345940068078774 0.8889695786365419 , 0.3966288536946631 0.3198263823356963 , 0.2377365950023289 -0.012036968358474155 
0.9403055019006019 0.880644012804466 , 0.38611517697460623 0.3336550760452443 , 0.2425387766296613 -0.017540096235946226 
0.9458555801141759 0.8721450532507098 , 0.3754783509189681 0.3470154256648956 , 0.24762552447172542 -0.02240148630184128 
0.9512390287203472 0.8634756566531626 , 0.364766313266761 0.35992339492288206 , 0.25295411351776126 -0.02664005896228053 
0.9564509582614478 0.854639158357498 , 0.35402129294310786 0.37239548047811594 , 0.2584872043003139 -0.03027564622184979 
0.9614868375739962 0.8456392132698419 , 0.34328035433978177 0.3844481772399852 , 0.2641922635910916 -0.03332839789606296 
0.9663425160282371 0.836479732388784 , 0.3325759264250541 0.3960976026101555 , 0.2700410130515784 -0.03581834238517542 
0.971014233463744 0.8271648176949391 , 0.3219363028584169 0.4073592443812998 , 0.2760089191827087 -0.03776506946247482 
0.9754986187808156 0.8176986977714827 , 0.31138610592055704 0.4182478027806722 , 0.2820747308034971 -0.03918750793839088 
0.9797926784861022 0.8080856661036707 , 0.3009467113515257 0.42877710262203966 , 0.28822006566724184 -0.04010377611194641 
0.983893776689795 0.7983300235466269 , 0.2906366338488436 0.4389600564168884 , 0.294429044966231 -0.040531087349751305 
0.9877996081243217 0.7884360259986463 , 0.2804718745514254 0.4488086634814791 , 0.3006879728291226 -0.04048569686636145 
0.9915081657223708 0.7784078379020158 , 0.27046623270586334 0.45833403355685054 , 0.3069850570766355 -0.03998287884510243 
0.9950177041803929 0.7682494918344971 , 0.26063158413860077 0.4675464262876596 , 0.3133101671858759 -0.03903692550839271 
0.9983267007677498 0.757964854162128 , 0.2509781293125122 0.47645530016142207 , 0.31965462542460765 -0.03766116170978613 
1.001433814444216 0.7475575964999516 , 0.24151461373973412 0.48506936627815955 , 0.32601102732091936 -0.03586797016434716 
1.0043378441384005 0.7370311725680017 , 0.232248523423482 0.4933966436849863 , 0.3323730879429869 -0.03366882363922398 
1.0070376868311506 0.7263887999280177 , 0.22318625785251997 0.5014445140466297 , 0.3387355108211989 -0.0310743213608835 
