0.6187583486503686 0.9650905710542019 , 0.9151927757819622 0.06798217390398864 , 0.3987281414492949 0.27986080298606886 
0.6084755349350024 0.9724668334276599 , 0.9266000011365859 0.05770786588881332 , 0.39760372981003744 0.2827588486277862 
0.5981725609492843 0.9795653198289722 , 0.9377065004709169 0.04764593953627169 , 0.3968002044614246 0.28572228857901555 
0.587851960449531 0.9863909082837607 , 0.9485275322269948 0.03778864594223323 , 0.39629977320509996 0.28875399371826543 
0.5775161978170598 0.9929479611643869 , 0.9590768777398567 0.028128815702452747 , 0.3960861903247093 0.29185677107741975 
0.5671676923455623 0.999240377439376 , 0.9693670448016518 0.018659808747220487 , 0.39614452873441175 0.29503336175766287 
0.5568088384235637 1.0052716388318665 , 0.9794094361288685 0.009375467850806743 , 0.39646099132919366 0.29828644126158593 
0.5464420224562713 1.0110448507171799 , 0.9892144899239997 0.0002700759731389217 , 0.3970227535013549 0.30161862125394046 
0.536069637185403 1.0165627784791216 , 0.9987917980373129 -0.008661682635708885 , 0.3978178306589101 0.3050324521008466 
0.5256940939229192 1.0218278799465497 , 1.008150205988605 -0.01742475776145977 , 0.3988349659701018 0.30853042575916945 
0.5153178331044664 1.026842334445986 , 1.0172978981775063 -0.026023765236555453 , 0.40006353459965316 0.31211497873482863 
0.504943333482917 1.0316080689318017 , 1.0262424709071742 -0.03446301591433134 , 0.40149346149153464 0.3157884949267888 
0.4945731202157887 1.0361267815916213 , 1.034990995309077 -0.04274654188633659 , 0.4031151503567601 0.3195533082389745 
0.4842097720481321 1.0403999632698437 , 1.043550071842701 -0.0508781202117612 , 0.40491942199079267 0.32341170488617665 
0.4738559277513546 1.0444289170053491 , 1.0519258777222782 -0.05886129441036829 , 0.4068974604079931 0.3273659253492783 
0.4635142919458876 1.0482147759394538 , 1.0601242083704328 -0.0666993939497506 , 0.40904076556530555 0.3314181659545559 
0.4531876404096787 1.051758519815988 , 1.0681505137994003 -0.07439555193631214 , 0.4113411116725469 0.3355705800645833 
0.4428788249537436 1.055060990266139 , 1.076009930661893 -0.08195272119839364 , 0.4137905102659893 0.33982527887651387 
0.4325907779293177 1.0581229050456675 , 1.0837073105865975 -0.08937368893011732 , 0.41638117736571084 0.344184331828709 
0.4223265164176408 1.0609448713706335 , 1.091247245310775 -0.0966610900461779 , 0.4191055041532101 0.34864976661980346 
0.41208914614242553 1.063527398479302 , 1.098634089039226 -0.1038174193810874 , 0.4219560306999744 0.35322356884604433 
0.40188186513607876 1.0658709095319878 , 1.1058719783909443 -0.11084504285130134 , 0.42492542235460296 0.3579076812635725 
0.39170796718336315 1.067975752946838 , 1.1129648502390384 -0.1177462076851446 , 0.4280064484592246 0.36270400268256553 
0.38157084506008826 1.069842213257622 , 1.1199164577034846 -0.12452305181341301 , 0.43119196311805313 0.36761438650005 
0.3714739935793593 1.0714705215692146 , 1.1267303845181424 -0.13117761250282622 , 0.43447488778412424 0.37264063887787063 
0.36142101245369 1.0728608656773944 , 1.1334100579616966 -0.1377118343050212 , 0.43784819546623927 0.37778451657188583 
0.35141560897775626 1.0740133999116288 , 1.139958760515631 -0.14412757638537885 , 0.44130489638823867 0.38304772441800905 
0.3414616005335979 1.0749282547525278 , 1.1463796403900308 -0.15042661928855006 , 0.4448380249579972 0.3884319124802812 
0.33156291691758255 1.0756055462694691 , 1.1526757210392167 -0.15661067119098526 , 0.44844062792482664 0.3939386728657751 
0.3217236024863378 1.0760453854184202 , 1.1588499097733163 -0.16268137368497398 , 0.4521057536219718 0.3995695362108127 
0.311947818117087 1.0762478872351104 , 1.1649050055583958 -0.1686403071335822 , 0.4558264422061431 0.40532596784273073 
0.30223984297632667 1.07621317995435 , 1.1708437060863022 -0.17448899563135756 , 0.4595957168189971 0.41120936362126653 
0.292604076089531 1.0759414140823989 , 1.1766686141855769 -0.18022891160168697 , 0.46340657560651816 0.41722104546354705 
0.2830450377035174 1.0754327714457825 , 1.1823822436364322 -0.18586148005817793 , 0.4672519845416763 0.4233622565566542 
0.27356737043223583 1.0746874742368075 , 1.1879870244456041 -0.19138808255434342 , 0.4711248710037861 0.4296341562617946 
0.26417584017602186 1.073705794073189 , 1.1934853076307257 -0.1968100608431507 , 0.47501811807487837 0.43603781471422043 
0.2548753368037657 1.0724880610866492 , 1.1988793695585611 -0.20212872026560996 , 0.4789245595192992 0.44257420712321943 
0.24567087458696776 1.0710346730530473 , 1.2041714158768497 -0.20734533288549187 , 0.4828369754178085 0.4492442077767032 
0.23656759237426653 1.0693461045745278 , 1.2093635850755555 -0.2124611403854429 , 0.48674808843180406 0.4560485837551737 
0.22757075349471045 1.0674229163223299 , 1.2144579517098744 -0.21747735673818686 , 0.4906505606770412 0.4629879883601156 
0.21868574537779245 1.0652657643472425 , 1.2194565293143727 -0.2223951706651342 , 0.4945369911894608 0.4700629542621503 
0.20991807887804823 1.0628754094632284 , 1.224361273035024 -0.22721574789354654 , 0.4983999139685537 0.47727388637457674 
0.20127338729182642 1.0602527267084463 , 1.2291740820036388 -0.23194023322240231 , 0.5022317965861608 0.48462105445821474 
0.19275742505364676 1.0573987148867765 , 1.2338968014771832 -0.23656975240626135 , 0.506025039350796 0.49210458546374347 
0.18437606609935453 1.0543145061919807 , 1.238531224762722 -0.24110541386571624 , 0.5097719750195494 0.49972445561799406 
0.17613530188303528 1.05100137591579 , 1.243079094947156 -0.24554831023243012 , 0.5134648690514346 0.5074804822608987 
0.16804123903435253 1.047460752240514 , 1.2475421064495327 -0.24989951973627997 , 0.5170959203977408 0.5153723154400245 
0.16010009664259217 1.0436942261161737 , 1.251921906412454 -0.25416010744173856 , 0.5206572628265796 0.5233994292698233 
0.15231820315321876 1.0397035612216652 , 1.2562200959479712 -0.2583311263403235 , 0.5241409667804359 0.5315611130629168 
0.14470199286214963 1.0354907040090535 , 1.2604382312523155 -0.26241361830570675 , 0.5275390417671608 0.5398564622409117 
0.13725800199221141 1.031057793829744 , 1.2645778246028634 -0.2664086149179022 , 0.5308434392865511 0.5482843690324165 
0.12999286433533885 1.026407173140962 , 1.2686403452498414 -0.2703171381628198 , 0.5340460562964456 0.5568435129661162 
0.12291330644298777 1.0215413977906638 , 1.2726272202144409 -0.2741402010133843 , 0.5371387392241973 0.565532351166979 
0.11602614234594438 1.0164632473786765 , 1.2765398350042263 -0.27787880789835384 , 0.5401132885314553 0.5743491084639357 
0.10933826778320295 1.0111757356914761 , 1.2803795342559667 -0.2815339550649326 , 0.5429614638424562 0.5832917673177149 
0.10285665391783982 1.0056821212075326 , 1.2841476223152994 -0.2851066308412401 , 0.5456749896484867 0.5923580575779659 
0.0965883405158202 0.9999859176695371 , 1.2878453637619367 -0.2885978158046743 , 0.5482455616038691 0.6015454460793955 
0.09054042856142577 0.9940909047190185 , 1.2914739838884608 -0.29200848286217873 , 0.5506648534317394 0.6108511260874186 
0.08472007228048165 0.9880011385878221 , 1.2950346691400934 -0.29533959724838865 , 0.5529245244610511 0.620272006604825 
0.07913447053978817 0.9817209628395911 , 1.2985285675221985 -0.2985921164475845 , 0.5550162278196396 0.6298047015522518 
0.07379085758813224 0.9752550191527053 , 1.3019567889816657 -0.3017669900453173 , 0.5569316193118283 0.6394455188368704 
0.06869649310097481 0.9686082581340328 , 1.305320405767724 -0.30486515951548965 , 0.5586623670129275 0.6491904493257151 
0.06385865148740329 0.9617859501502565 , 1.30862045277717 -0.3078875579485694 , 0.5602001616170529 0.6590351557425713 
0.059284610414227036 0.954793696160384 , 1.3118579278884424 -0.3108351097264901 , 0.5615367275789568 0.6689749615103644 
0.05498163849821626 0.9476374385292561 , 1.315033792288449 -0.31370873014963646 , 0.5626638350949611 0.6790048395646386 
0.0509569821134864 0.9403234717973444 , 1.318148970795558 -0.3165093250211441 , 0.5635733129725818 0.6891194011680579 
0.04721785125697112 0.9328584533768027 , 1.321204352181693 -0.3192377901935405 , 0.5642570624429621 0.6993128847609961 
0.043771404410880864 0.9252494141375002 , 1.3242007894960297 -0.3218950110825386 , 0.5647070719747156 0.7095791448892967 
0.04062473233710097 0.9175037688395467 , 1.327139100392393 -0.32448186215255415 , 0.5649154331521323 0.7199116412572658 
0.037784840734752204 0.909629326360511 , 1.3300200674620728 -0.3269992063782617 , 0.5648743576848011 0.7303034279620091 
0.0352586316887467 0.9016342996560569 , 1.332844438573452 -0.32944789468623514 , 0.5645761956194274 0.7407471429744367 
0.033052883834277264 0.8935273153819819 , 1.3356129272195303 -0.3318287653804353 , 0.5640134548278185 0.7512349979427119 
0.03117423115995709 0.885317423093563 , 1.3383262128741835 -0.33414264355501877 , 0.5631788218474855 0.7617587684057142 
0.029629140370988558 0.8770141039246246 , 1.3409849413577697 -0.3363903404976481 , 0.5620651841528679 0.7723097845172819 
0.0284238867335248 0.8686272786337836 , 1.3435897252125226 -0.3385726530861892 , 0.5606656539355787 0.782878922396664 
0.027564528322570125 0.8601673148888679 , 1.3461411440880366 -0.3406903631813916 , 0.5589735934710193 0.7934565962367822 
0.027056878598657536 0.8516450336425331 , 1.3486397451370509 -0.3427442370178639 , 0.5569826421459176 0.8040327513195893 
0.02690647724349211 0.843071714432653 , 1.3510860434216923 -0.34473502459538513 , 0.5546867452164416 0.8145968581069906 
0.027118559192147115 0.8344590994201974 , 1.3534805223303223 -0.3466634590723366 , 0.5520801843591564 0.8251379075963977 
0.027698021809671406 0.825819395955174 , 1.3558236340051608 -0.34853025616280053 , 0.5491576100667935 0.835644408151885 
0.028649390173574034 0.8171652774380045 , 1.358115799780928 -0.35033611353865957 , 0.5459140759271239 0.8461043840449134 
0.029976780441087446 0.8085098822196964 , 1.3603574106348508 -0.35208171023784096 , 0.5423450748056877 0.8565053759624028 
0.03168386130188867 0.7998668102597738 , 1.3625488276485227 -0.35376770607969504 , 0.5384465769312147 0.8668344437641795 
0.033773813543603134 0.7912501172366271 , 1.3646903824822745 -0.3553947410883714 , 0.5342150698557484 0.8770781717960026 
0.03624928778944613 0.7826743057813857 , 1.3667823778629289 -0.35696343492497246 , 0.5296476002292508 0.887222677087845 
0.03911236050526091 0.7741543134843961 , 1.3688250880860406 -0.3584743863292183 , 0.5247418172903242 0.8972536207890804 
0.04236448841742038 0.7657054973038665 , 1.370818759533987 -0.3599281725713541 , 0.5194960179302185 0.9071562232117458 
0.04600646153390766 0.7573436139903625 , 1.3727636112115549 -0.3613253489150791 , 0.5139091931361632 0.9169152828689748 
0.050038355018576515 0.7490847961299283 , 1.3746598353009716 -0.3626664480923697 , 0.5079810755620777 0.9265151999066997 
0.05445948023312509 0.7409455234041977 , 1.376507597738629 -0.36395197979121763 , 0.5017121879098717 0.9359400043312781 
0.059268335332453834 0.7329425886696365 , 1.3783070388160723 -0.3651824301575051 , 0.4951038917330996 0.9451733894321268 
0.06446255587626669 0.725093058471871 , 1.380058273808127 -0.3663582613124961 , 0.4881584361972319 0.9541987507848833 
0.0700388660020758 0.7174142276368857 , 1.3817613936313367 -0.3674799108877361 , 0.4808790062482133 0.9629992311951087 
0.07599303079079199 0.7099235676207001 , 1.3834164655361534 -0.3685477915795215 , 0.47326976955468036 0.9715577719030797 
0.08231981054391718 0.7026386683549689 , 1.3850235338365633 -0.3695622907255224 , 0.46533592150114533 0.9798571703148117 
0.08901291777851565 0.6955771733995896 , 1.3865826206810075 -0.3705237699066174 , 0.4570837274221026 0.987880144451286 
0.09606497782953564 0.6887567083064015 , 1.3880937268685853 -0.37143256457751717 , 0.4485205611835048 0.9956094042153739 
0.10346749402496863 0.6821948022115043 , 1.38955683271456 -0.37228898373031133 , 0.4396549391420971 1.0030277294630652 
0.11121081846347325 0.6759088028080461 , 1.3909718989691267 -0.373093309595659 , 0.4304965484490257 1.010118054731871 
0.11928412947164847 0.6699157850061409 , 1.3923388677932191 -0.3738457973869429 , 0.42105626861675804 1.0168635603250602 
0.12767541684394673 0.6642324537604272 , 1.3936576637948124 -0.3745466750933046 , 0.4113461852428666 1.0232477692771356 
