0.5174865996396661 0.8265946735932105 , 0.8828473783995575 0.21629529045714935 , 0.19639145170462324 0.7960079173844163 
0.5107625863996964 0.8273514432647527 , 0.871290591132007 0.22279635693045735 , 0.21467225221214342 0.788750081239566 
0.5031906468880973 0.8278163622751976 , 0.8595346599815543 0.22955082673281482 , 0.2340001228741951 0.7815306924267637 
0.49462720527207005 0.8279213639730824 , 0.847570923407816 0.23657018742562902 , 0.2545273010639607 0.7744063300360646 
0.4848861679987853 0.8275650750726259 , 0.8353895409216309 0.24386742749983797 , 0.27644972082343067 0.7674653788623121 
0.47372335431543877 0.8265887099326077 , 0.822979298314709 0.2514574161715005 , 0.30002277711369907 0.7608517553306678 
0.46082068455175207 0.8247292083017681 , 0.810327399266657 0.2593574246910789 , 0.32557734592543774 0.754811248441929 
0.4457953345188662 0.8215266547068799 , 0.7974192816487947 0.2675878505602458 , 0.3535108135761858 0.7497833761676503 
0.4283550758541561 0.8161637342390426 , 0.7842385688499165 0.2761732125192399 , 0.3841317850397742 0.7465609346764935 
0.4090109598697453 0.8074117862640625 , 0.7707674366085622 0.2851433964703976 , 0.4169470332655394 0.7463426987003159 
0.39029277277800756 0.7946933443647878 , 0.7569878879902693 0.2945346639313835 , 0.44944476897557 0.7496698731386047 
0.37478008105473426 0.7794458745670838 , 0.7428837184302476 0.3043891896845384 , 0.479061630258865 0.7550628171831537 
0.36274517390738165 0.7632132186518665 , 0.7284412611160818 0.31475360320533935 , 0.5055389947203834 0.76093105957757 
0.35358548529793715 0.7467160450201358 , 0.7136488774734555 0.3256784392459883 , 0.5294910669724542 0.7665033971686518 
0.3467208273304342 0.7302183403894388 , 0.6984963092166808 0.3372183585235768 , 0.5515082931967318 0.7714611825217603 
0.34173202143366993 0.7137986117753112 , 0.6829740914504184 0.34943262316337864 , 0.5720193168597584 0.7756666464960861 
0.33833384439528574 0.6974606489022689 , 0.6670728650965299 0.36238562919956335 , 0.5913187202520311 0.7790516033329437 
0.3363374119473455 0.681175771905611 , 0.6507823362350681 0.37614742732918177 , 0.6096056815614331 0.7815746821999832 
0.3356244197727684 0.6648989193666418 , 0.6340895083566722 0.3907941883377736 , 0.6270115016144061 0.7832047737303606 
0.3361326802298697 0.6485743035498838 , 0.6169755714005787 0.4064085553156875 , 0.6436171781133984 0.7839150225692046 
0.337850601418136 0.6321365351905273 , 0.5994103760507895 0.4230797671059807 , 0.6594644522749212 0.7836815791382679 
0.3408198576466054 0.615509707489042 , 0.5813425794056525 0.4409032535334352 , 0.6745629926915889 0.7824849204122987 
0.3451477978903186 0.5986062177181175 , 0.5626819968906365 0.4599787815416317 , 0.6888956349628916 0.7803128821750266 
0.35103427780407037 0.5813288549726564 , 0.5432679543895201 0.4804040538943744 , 0.7024231975502562 0.777164972567745 
0.3588215272577417 0.5635875350430205 , 0.5228136574932075 0.5022528539074358 , 0.7150902449928975 0.7730574924843195 
0.36907271837210814 0.5453704569765552 , 0.5008196102999548 0.5254988493720902 , 0.7268331010717838 0.7680285750861304 
0.38261399199788665 0.5269976489797721 , 0.47652024898907397 0.5497588125360571 , 0.7375911887568861 0.7621414199189467 
0.40007195912610105 0.5097523775552383 , 0.4493317019922626 0.5736630238068472 , 0.7473217686254832 0.7554824800726904 
0.420267856228672 0.49581394347435753 , 0.4204437076770544 0.5949345989613011 , 0.7560138658381204 0.7481493389991172 
0.44088725586097804 0.48574003077333094 , 0.39215043209852 0.6129296215063684 , 0.7636877417843487 0.7402282291550765 
0.4609228595588404 0.4786385028012464 , 0.3654254875968087 0.6284796404829133 , 0.7703770825881977 0.7317797381506161 
0.4802739221037524 0.4736664078610591 , 0.34033752624905533 0.6423920634455098 , 0.776113981391039 0.7228394101282068 
0.4990884268156082 0.47029142449936623 , 0.31671489449161183 0.6551839498878219 , 0.7809221084366268 0.7134225070475876 
0.5175490227921847 0.46819900131030157 , 0.29436239010775467 0.6671711429250861 , 0.7848140168439075 0.7035277371993881 
0.5358256228422089 0.46720651542385083 , 0.2731100526017112 0.6785522090205103 , 0.7877897542999268 0.6931391569904146 
0.5540716210034775 0.4672140033254647 , 0.2528183500932838 0.6894575253262742 , 0.7898354586470856 0.6822263527830368 
0.5724303806431263 0.46817854897695727 , 0.23337383256170624 0.69997640955194 , 0.7909212165390143 0.6707429229058784 
0.5910441365866568 0.4701025308530799 , 0.21468373441457156 0.7101723989524616 , 0.7909975587426186 0.6586229516292341 
0.6100642838293298 0.47303104825177933 , 0.19667139696046712 0.7200921752220021 , 0.7899897489540499 0.6457746579609943 
0.6296642199699363 0.4770573547006671 , 0.17927271686557605 0.7297709832671974 , 0.7877884929083344 0.6320695434669112 
0.6500572136023942 0.48233804303413863 , 0.16243345293632172 0.7392360410436096 , 0.7842347632051307 0.6173237973570275 
0.671522878345737 0.4891231317967687 , 0.14610718141505963 0.7485087520082028 , 0.7790953699830501 0.6012659976298041 
0.6944431193903072 0.49780887556010395 , 0.13025372150704384 0.7576061738830203 , 0.7720285888464956 0.5834828319916513 
0.7193099119349814 0.5089986265046251 , 0.11483788749541242 0.7665420021942431 , 0.7625776303134528 0.5633572527359073 
0.7463673486698025 0.5232869647125984 , 0.09982843869457854 0.7753272149678685 , 0.7505296423794655 0.5402837017543086 
0.7736349910445715 0.539272928922176 , 0.08519709298771291 0.7839704825797498 , 0.7378933457115622 0.5156544699328497 
0.7979550573018106 0.5534855563284266 , 0.07091767424663188 0.792478630050731 , 0.727852698195404 0.4929336950556179 
0.8193492005440386 0.5653594458201087 , 0.0569660238061966 0.8008574461695146 , 0.7204102053936113 0.47268098944515224 
0.8385271286926953 0.5753399621148634 , 0.04332020040783771 0.8091122152546443 , 0.7148781006433136 0.45444570406526785 
0.8560172367371998 0.5838440458723066 , 0.02996044017205947 0.8172479049382352 , 0.7107477528345874 0.4378059306242337 
0.8721693174965709 0.5911678485363231 , 0.01686898321303526 0.8252692250294013 , 0.7076871290342405 0.42246080786905105 
0.8872202129144631 0.5975185712273907 , 0.004029863421953814 0.8331806462434441 , 0.7054753534074297 0.40819866396394056 
0.9013370397670001 0.6030449261209373 , -0.008571298793205718 0.840986407760841 , 0.7039596887700522 0.3948665475529971 
0.914642402517649 0.6078569649264584 , -0.02094748647600051 0.8486905229717264 , 0.7030305137021982 0.38235039353659056 
0.9272292795272844 0.6120384474819777 , -0.03311045477386282 0.856296786178036 , 0.7026066049904249 0.37056264777476167 
0.939170143683981 0.615654676989788 , -0.0450708784114587 0.8638087807572908 , 0.7026261644713242 0.35943442368769635 
0.95052277705406 0.6187576075106158 , -0.05683847972294251 0.8712298885513595 , 0.703041132412729 0.3489103853727998 
0.9613341170668046 0.6213892753387565 , -0.06842213948063915 0.8785633000612673 , 0.7038134521576811 0.3389453060347513 
0.9716428853049441 0.6235841704951927 , -0.07982999278159873 0.8858120250452218 , 0.7049125372205011 0.3295016858943606 
0.9814814364755223 0.6253709180515409 , -0.09106951208164649 0.8929789031933119 , 0.7063135053499706 0.3205480601899223 
0.9908770917831329 0.6267734973821559 , -0.10214757922721426 0.9000666146364332 , 0.7079959171879278 0.31205776941618585 
0.9998531216116274 0.6278121440549032 , -0.11307054808681 0.9070776901207364 , 0.709942856219029 0.30400804725913544 
1.0084294835591805 0.6285040286149726 , -0.12384429915181919 0.9140145207377284 , 0.712140245336485 0.296379332082074 
1.0166233858749045 0.6288637751536631 , -0.13447428726996125 0.9208793671447388 , 0.7145763311389031 0.2891547391363729 
1.0244497236912191 0.6289038625566299 , -0.14496558349614935 0.9276743682430446 , 0.7172412895487765 0.2823196506351004 
1.0319214208121192 0.628634938268558 , -0.15532291189332983 0.9344015493040879 , 0.7201269208250569 0.27586139386212905 
1.0390497001361745 0.6280660656948934 , -0.1655506819873345 0.9410628295501682 , 0.7232264115950062 0.26976898618971334 
1.0458442992466155 0.6272049204218296 , -0.17565301747172554 0.947660029206596 , 0.7265341479689563 0.26403293180634935 
1.0523136431832407 0.6260579463092402 , -0.18563378166799507 0.9541948760490103 , 0.7300455682286006 0.25864505907652446 
1.0584649832329007 0.6246304795902686 , -0.1954966001705435 0.9606690114734777 , 0.7337570466814891 0.25359839037102866 
1.064304508297639 0.6229268470049663 , -0.2052448810422008 0.9670839961189336 , 0.7376658024884082 0.24888703831087514 
1.0698374337362047 0.6209504424470094 , -0.21488183287262982 0.9734413150720972 , 0.7417698288802714 0.24450612391566834 
1.0750680713354461 0.6187037854400658 , -0.22441048096704014 0.9797423826846319 , 0.7460678393754404 0.2404517133100772 
1.0799998831239954 0.6161885638659835 , -0.2338336818948167 0.9859885470313521 , 0.7505592285146676 0.2367207705374392 
1.0846355210019716 0.6134056626579143 , -0.24315413659573962 0.9921810940369281 , 0.7552440453376144 0.2333111247399324 
1.0889768535630766 0.6103551795878522 , -0.2523744022144573 0.9983212512969664 , 0.760122978395227 0.23022145054995616 
1.0930249809819657 0.6070364287746062 , -0.2614969028109662 1.0044101916176658 , 0.765197351572847 0.22745126104250293 
1.0967802383931036 0.6034479320786689 , -0.2705239390753733 1.0104490362965437 , 0.7704691304261161 0.22500091305956219 
1.1002421877665383 0.5995873981033668 , -0.2794576971586175 1.0164388581650465 , 0.7759409391359255 0.22287162516636147 
1.1034095978628247 0.5954516880570208 , -0.28830025671665216 1.0223806844122327 , 0.7816160885976736 0.2210655089655214 
1.10628041139503 0.5910367672168026 , -0.297053598253452 1.0282754992071816 , 0.7874986166022682 0.21958561501079052 
1.1088516980081626 0.5863376401344398 , -0.3057196098378027 1.034124246136329 , 0.7935933415734863 0.2184359951640061 
1.1111195910661738 0.5813482669902755 , -0.3143000932598883 1.0399278304705792 , 0.7999059319375607 0.21762178397391996 
1.1130792054625673 0.5760614575734414 , -0.32279676968600535 1.045687121275802 , 0.806442993967284 0.21714930258553122 
1.1147245326724695 0.5704687381562111 , -0.33121128486311696 1.0514029533791596 , 0.8132121819344935 0.21702618989940392 
1.1160483079424404 0.5645601849175863 , -0.3395452139192717 1.0570761292026638 , 0.8202223357206774 0.21726156731452448 
1.117041842725027 0.5583242153759499 , -0.3478000658010367 1.062707420474393 , 0.8274836528198557 0.2178662455844318 
1.1176948129934208 0.5517473262462665 , -0.35597728738492884 1.0682975698269168 , 0.8350079041353542 0.2188529853615914 
1.1179949905917126 0.5448137618371214 , -0.36407826729631176 1.0738472922916833 , 0.8428087064484453 0.22023682730597002 
1.1179278997828406 0.537505090914425 , -0.37210433946630145 1.079357276697394 , 0.8509018694273071 0.22203551382295575 
1.1174763738489606 0.5297996608768245 , -0.3800567864548788 1.0848281869797456 , 0.8593058423497643 0.22427003357820469 
1.1166199756805624 0.5216718844784591 , -0.38793684256664157 1.0902606634093353 , 0.8680422966299253 0.2269653335469804 
1.1153342296077415 0.5130912934736442 , -0.3957456967845017 1.0956553237440148 , 0.8771368969206061 0.23015126421711574 
1.1135895856109321 0.5040212607827209 , -0.4034844955462542 1.101012764311541 , 0.8866203396791681 0.23386385634051263 
1.1113499950756835 0.494417239877993 , -0.4111543453895277 1.1063335610280134 , 0.8965297800576901 0.23814708052876818 
1.108570907858515 0.48422428216784 , -0.4187563154925527 1.1116182703573296 , 0.9069108373778837 0.24305532890960502 
1.1051963821945012 0.4733734423718724 , -0.4262914401421321 1.1168674302167785 , 0.917820487691477 0.2486570088461238 
1.1011547913565773 0.46177641476602654 , -0.43376072116741476 1.1220815608339796 , 0.9293313595546835 0.25503990583476854 
1.0963522366817546 0.44931725550082907 , -0.441165130390924 1.1272611655608542 , 0.9415383234530155 0.26231946037309134 
1.0906620946169572 0.43583913928257956 , -0.4485056121715344 1.1324067316515025 , 0.9545689472984232 0.27065201050069254 
1.0839079383552326 0.42112245365643813 , -0.4557830861578822 1.137518731013586 , 0.9686005775464956 0.28025669676475057 
