0.502230960936896 0.9110971565649381 , 0.8516592110366394 0.9918473176676506 , 0.5757193725578579 0.12854168725374715 
0.5137938655521683 0.905607352162127 , 0.8511637088374616 0.9929795291216635 , 0.5646519701417634 0.13289928020254524 
0.5260753246198234 0.900138549683213 , 0.8499225706472049 0.9938150482109716 , 0.553611649264365 0.13753256359215113 
0.5391076191154114 0.8947179019227334 , 0.8478975235647889 0.9943220952427264 , 0.5426044018511931 0.14244616432087603 
0.552929712239251 0.8893796380698488 , 0.8450430234341616 0.9944617582275851 , 0.5316368088579807 0.14764476518890188 
0.5675887242377735 0.884167562493947 , 0.8413047322699506 0.9941855894288423 , 0.5207160880236692 0.1531330095635464 
0.5831418256705134 0.8791386275671667 , 0.8366175901592262 0.9934321499768238 , 0.5098501287016538 0.1589153839423452 
0.5996586176737343 0.8743681731638981 , 0.8309034202036891 0.9921219106447074 , 0.49904750665397 0.16499607767773014 
0.6172239738571567 0.8699578240854361 , 0.8240681008007565 0.9901495161764701 , 0.4883174698734802 0.1713788212244296 
0.6359409832972861 0.866047736825774 , 0.8159986764761331 0.9873717169289307 , 0.4776698847579741 0.17806670773163114 
0.6559325786497137 0.8628360893586172 , 0.8065618351940029 0.9835880638867583 , 0.4671151306876768 0.18506200824096014 
0.6773372065396293 0.860610527619472 , 0.7956084070379642 0.9785096346998148 , 0.4566639309538 0.19236599916704888 
0.700284083283063 0.8597975441074432 , 0.7829983507962851 0.971709783351828 , 0.4463271104520454 0.1999788340270644 
0.7248048674141445 0.8610271954826055 , 0.7686893980401759 0.9625594524994949 , 0.43611527907707304 0.20789951350423513 
0.7505722727535148 0.8651450037807924 , 0.7529988070162498 0.9502151116403031 , 0.4260384647616289 0.21612604606524005 
0.7763642736006203 0.8728548797494424 , 0.7371394787137119 0.9339753361505194 , 0.4161057922170612 0.22465594558637383 
0.7999924227253696 0.8836478183799765 , 0.7232916531141887 0.9143511557618755 , 0.40632546869183495 0.23348718734448362 
0.820018882702834 0.8957032222730225 , 0.712885258189695 0.893163650257879 , 0.3967054036388645 0.24261928895543416 
0.8365555922927624 0.9075428029712734 , 0.7057997822450622 0.8718896941946431 , 0.3872541699935687 0.25205366432041915 
0.8502682541784182 0.9185086289849428 , 0.7013596331242995 0.8511843082030137 , 0.37798165722867566 0.26179322429837915 
0.8617762675110512 0.9283958444745043 , 0.6989339160392666 0.8312485321623306 , 0.36889936098107556 0.2718417848495008 
0.8715441819672637 0.9371808798531838 , 0.69804487756815 0.8121017599490128 , 0.36002048499597966 0.2822035216841391 
0.8799067179139131 0.9449039484961919 , 0.6983428747569892 0.7936997214228781 , 0.35135995186049107 0.29288249156726565 
0.8871067296384645 0.9516238023429858 , 0.6995684616322755 0.7759801605657326 , 0.3429343532606534 0.3038821985776171 
0.8933239963198886 0.9574009054585594 , 0.7015237041848593 0.7588800665751365 , 0.3347618440266455 0.3152051894526396 
0.8986946264907427 0.9622915277585409 , 0.7040529420036035 0.7423419600586885 , 0.32686197603704714 0.3268526736691061 
0.9033238710628404 0.9663460526508177 , 0.707030205966625 0.7263159353834577 , 0.3192554675019279 0.33882417345205995 
0.9072946571662227 0.9696088896401802 , 0.7103509810387794 0.7107600561322268 , 0.3119639063263913 0.35111721571392834 
0.9106733760956405 0.9721189548427037 , 0.713926776825518 0.6956401246331959 , 0.30500939161023494 0.36372708201043574 
0.9135138910810628 0.9739103038698899 , 0.7176815295629344 0.6809292237820691 , 0.2984141238873962 0.37664663383437647 
0.9158603700463626 0.9750127544887315 , 0.7215492130241203 0.6666071781936956 , 0.2921999614609105 0.3898662288039083 
0.9177493269614861 0.9754524412858679 , 0.7254722515385887 0.6526599815823927 , 0.28638796603131844 0.40337373861807485 
0.9192111192702406 0.9752522879462727 , 0.7294004606281335 0.6390792009969245 , 0.28099796463301924 0.4171546725431382 
0.9202710641819788 0.9744324000666635 , 0.7332903245486432 0.6258613598011479 , 0.2760481558007713 0.43119240161852396 
0.9209502829749221 0.9730103875553828 , 0.7371044760779967 0.6130073038909406 , 0.27155478547847445 0.445468470040012 
0.9212663478136808 0.9710016270487788 , 0.7408112840498463 0.6005215617440132 , 0.2675319126678662 0.45996297269354336 
0.9212337827618367 0.9684194742110792 , 0.7443844847534586 0.5884117145191362 , 0.263991277016098 0.47465497275611984 
0.9208644553522443 0.9652754345144625 , 0.7478028174804551 0.5766877956338122 , 0.260942271698694 0.48952293133806046 
0.9201678846184317 0.9615792996527287 , 0.7510496434837487 0.5653617394582192 , 0.258392016429213 0.5045451223753873 
0.9191514842419144 0.9573392553470045 , 0.754112541900115 0.5544468962673448 , 0.25634551838936404 0.519700009871986 
0.9178207543855388 0.9525619650362497 , 0.7569828860692942 0.5439576262267827 , 0.2548059040765604 0.5349665702233029 
0.9161794321847222 0.9472526328262841 , 0.7596554095873105 0.5339089799878718 , 0.25377470275936065 0.5503245486721793 
0.9142296083108932 0.9414150480859299 , 0.7621277740089388 0.5243164684042526 , 0.25325216221156127 0.5657546449961526 
0.9119718152079557 0.9350516131988934 , 0.764400150174247 0.5151959196841559 , 0.25323757914919054 0.5812386286032859 
0.9094050913359447 0.9281633551652725 , 0.7664748235262717 0.5065634193865831 , 0.2537296296691768 0.5967593869344796 
0.9065270249082102 0.9207499209461266 , 0.7683558312807776 0.49843532720146483 , 0.2547266883424054 0.6123009133387438 
0.903333780102823 0.9128095555932912 , 0.7700486365150249 0.49082836436899574 , 0.2562271279135454 0.6278482415240483 
0.8998201085301978 0.9043390612187004 , 0.7715598415803578 0.4837597667315345 , 0.25822959442083754 0.6433873335361003 
0.8959793488490496 0.8953337336149547 , 0.7728969409505722 0.4772475005970221 , 0.2607332547317714 0.6589049272743585 
0.8918034178809918 0.8857872716733283 , 0.7740681117802374 0.4713105417067847 , 0.26373801487016396 0.6743883481062223 
0.8872827974617504 0.8756916524086361 , 0.7750820390360701 0.4659692216361413 , 0.26724470803357264 0.6898252874415579 
0.8824065227171134 0.8650369610175784 , 0.7759477709689593 0.4612456510676539 , 0.2712552508453205 0.705203549401103 
0.8771621796646766 0.8538111603922258 , 0.7766745997370123 0.4571642359360242 , 0.2757727651297044 0.7205107651580853 
0.8715359233100661 0.8419997769854524 , 0.7772719609217386 0.4537523111266535 , 0.28080166029958853 0.7357340733742295 
0.8655125321506291 0.829585468465633 , 0.7777493441403619 0.4510409283451121 , 0.2863476682404022 0.7508597646755902 
0.8590755218384808 0.8165474209514048 , 0.7781162043838996 0.4490658518043449 , 0.2924178183090128 0.7658728887305857 
0.8522073506271797 0.8028604961599903 , 0.7783818591420689 0.44786884052313214 , 0.2990203347621447 0.7807568248032128 
0.8448897636582259 0.7884940056358112 , 0.7785553480525883 0.44749933433912 , 0.3061644328205791 0.7954928215114042 
0.8371043448674473 0.7734099206143913 , 0.7786452163242363 0.4480167208237139 , 0.31385998333970955 0.8100595200482302 
0.8288333797720155 0.757560215686667 , 0.7786591535852655 0.4494934571770386 , 0.3221170111741121 0.8244324886226299 
0.8200611917376844 0.7408828643697373 , 0.778603361237863 0.4520194816405727 , 0.3309449915558456 0.8385838154760253 
0.8107762275419399 0.7232957067041467 , 0.7784814003011273 0.45570862109257304 , 0.3403519166883259 0.8524818336896156 
0.8009744090384675 0.7046869104385652 , 0.7782920077214117 0.46070817021035265 , 0.3503431277715139 0.8660910808374174 
0.7906648345709236 0.6848999201180429 , 0.7780247565065288 0.4672136178525592 , 0.3609199534539407 0.8793726235157331 
0.7798803659107769 0.663709529139147 , 0.7776509082012443 0.47549174505139247 , 0.37207827041937197 0.8922848872957957 
0.7686996409347774 0.6407846177818961 , 0.7771026981165603 0.4859164378394829 , 0.3838072054800555 0.9047851058649562 
0.7572987130784284 0.6156381490242168 , 0.7762225104997416 0.49901659808815546 , 0.3960883209532232 0.916831414373963 
0.7460831291461939 0.5876178963670092 , 0.7746306636550916 0.5154828276677023 , 0.40889575173010767 0.9283854374516237 
0.7359885515548963 0.5563297159035925 , 0.7714230880659724 0.5357415309824288 , 0.42219790491052456 0.939414914600314 
0.728457919154915 0.5237075432416551 , 0.7651901379608029 0.5578833974275815 , 0.43596148741567525 0.9498952208170987 
0.7233497747036239 0.4938177784236897 , 0.7561022733109497 0.5778611332608863 , 0.4501574965168195 0.9598072498017594 
0.7194178489080952 0.46765014785921766 , 0.7454278854542852 0.594704324754333 , 0.46476381016901275 0.9691316888727848 
0.7159415224897745 0.44464432310520413 , 0.7339051276497708 0.6089964652341773 , 0.4797628943918479 0.9778453731469541 
0.7126001938682351 0.4241742241115833 , 0.72187046260512 0.6213918380431672 , 0.495138888058038 0.985920099331585 
0.7092488648023907 0.4057701816839631 , 0.7094855259702861 0.6323935551283592 , 0.5108751537587164 0.9933224246740132 
0.705819054439888 0.38909426255869023 , 0.6968383431782215 0.6423779529294595 , 0.5269521469132836 1.0000139459981858 
0.7022779883997775 0.37389898099371893 , 0.6839861031415454 0.651635199675105 , 0.5433454529900702 1.0059519808175117 
0.6986107728339745 0.3599977581129359 , 0.6709748117143066 0.6603977084862243 , 0.5600239599831119 1.0110906948871754 
0.6948120293789531 0.347245813628487 , 0.6578492806028039 0.668857606782837 , 0.5769482345496361 1.0153827410750116 
0.690881714149751 0.335527859856593 , 0.644658577693991 0.6771768586601469 , 0.594069252687651 1.0187814429695956 
0.6868229167438618 0.32475002413361564 , 0.6314589334660535 0.6854926544883758 , 0.6113276943214777 1.021243482864344 
0.6826406503170594 0.31483441690711017 , 0.6183148650759538 0.6939197996326576 , 0.6286540291383798 1.0227319449465677 
0.6783411593936567 0.30571539094345723 , 0.6052988070979952 0.702551330521507 , 0.6459695780397412 1.0232194400213712 
0.6739315062108462 0.29733690764341164 , 0.5924894190607908 0.7114583203906775 , 0.6631886192597561 1.0226909334522465 
0.6694193096507352 0.2896506439485533 , 0.5799688023867474 0.7206896597756606 , 0.6802214324939105 1.0211458577621217 
0.6648125688870351 0.2826146032988911 , 0.5678189953684396 0.7302724077737884 , 0.6969779802759185 1.018599150413656 
0.6601195351824961 0.2761920740857652 , 0.5561182336795605 0.7402130686065087 , 0.7133717756693366 1.0150810187940615 
0.6553486127115532 0.2703508300493208 , 0.5449374964447499 0.750499872162729 , 0.7293234353750901 1.0106354592742857 
0.6505082790061623 0.26506250079738886 , 0.5343377767960366 0.7611058839412965 , 0.7447634887291944 1.0053177767476502 
0.6456070207990278 0.260302063577316 , 0.5243683440363649 0.7719925995160729 , 0.7596341796960006 0.9991914983929467 
0.6406532834844937 0.25604742327420665 , 0.5150660594366755 0.7831136223108282 , 0.773890201610224 0.9923251159013009 
0.6356554332931762 0.25227905850013593 , 0.5064556304675996 0.7944180706911901 , 0.7874984807706175 0.9847890322950097 
0.6306217313564036 0.24897971898312363 , 0.49855057749454085 0.8058534710638011 , 0.8004372356804488 0.976652971439411 
0.6255603186169671 0.24613416427434212 , 0.49135464994974437 0.8173680208861677 , 0.8126945759646816 0.9679839763258259 
0.6204792103044321 0.2437289368418365 , 0.4848634495201714 0.828912214034611 , 0.8242668847067897 0.9588450106098882 
0.615386298560993 0.24175216450101258 , 0.4790660705261949 0.8404398942964633 , 0.8351571754442052 0.9492941026888599 
0.6102893618041421 0.24019338827994305 , 0.4739466294498117 0.8519088400268565 , 0.8453735532774393 0.9393839331795363 
0.6051960795220511 0.2390434125295776 , 0.4694856114422569 0.8632809921961357 , 0.854927853567085 0.9291617567606225 
0.6001140513768564 0.2382941745566571 , 0.46566100467300364 0.874522429551872 , 0.8638344884815331 0.9186695573778068 
0.5950508197023012 0.2379386313944683 , 0.4624492224663449 0.8856031774846131 , 0.872109502362747 0.9079443526072544 
0.5900138946973825 0.2379706615960417 , 0.4598258303156865 0.8964969177309523 , 0.879769819518324 0.8970185821593418 
