0.38320775742342605 0.29800228418486197 , 0.19441953674473356 0.810542531802857 , 0.871622026287028 0.7261606886660813 
0.3872044428431329 0.28911969472572674 , 0.1856427456317784 0.819178998195014 , 0.8764021319802763 0.7264068117330594 
0.3912628738865882 0.28066426074126016 , 0.17716940702349618 0.8275112850684968 , 0.8808170395451032 0.7265299588440433 
0.3953830444852211 0.2726159611423383 , 0.16898755381983382 0.8355576030024282 , 0.8848787221501326 0.7265319405090337 
0.39956501072056344 0.26495732066960104 , 0.16108631366192952 0.8433339351300795 , 0.8885979960726945 0.7264142488541198 
0.40380888241236107 0.2576730195834312 , 0.15345578777600336 0.8508543958563155 , 0.891984650266823 0.7261780892140536 
0.40811481857941506 0.2507495817859393 , 0.14608694540311837 0.8581315175137868 , 0.895047556472654 0.7258244053540742 
0.41248302533160536 0.24417512323451832 , 0.13897153190821404 0.8651764818682922 , 0.897794763215368 0.7253538995509898 
0.416913755308788 0.23793914730268997 , 0.13210198876662643 0.8719993088919591 , 0.900233576379773 0.7247670484591513 
0.4214073081220684 0.23203237714330613 , 0.12547138380504214 0.8786090120491209 , 0.9023706285280769 0.7240641154613734 
0.42596403146293443 0.22644661755477627 , 0.11907335027253547 0.8850137270638914 , 0.9042119387197176 0.7232451600351328 
0.43058432267702773 0.22117464063528658 , 0.11290203351019872 0.8912208194839392 , 0.9057629642679611 0.7223100445345747 
0.43526863068232463 0.21621009082917575 , 0.1069520441636377 0.8972369751368304 , 0.9070286456092252 0.7212584386877943 
0.44001745816453336 0.21154740595747099 , 0.10121841703745234 0.9030682766678043 , 0.9080134452532019 0.7200898220285252 
0.44483136401682355 0.2071817515735603 , 0.09569657482460042 0.9087202686642946 , 0.9087213816137637 0.7188034844159458 
0.44971096601355903 0.20310896655996752 , 0.09038229605779019 0.9141980133523324 , 0.9091560583838385 0.7173985247415007 
0.4546569437228768 0.1993255183293443 , 0.08527168672695186 0.9195061384503018 , 0.9093206900053591 0.7158738478741545 
0.4596700416735289 0.19582846634536208 , 0.08036115508871927 0.924648878455667 , 0.9092181236929396 0.7142281598527717 
0.4647510727991566 0.19261543296149697 , 0.07564738926291116 0.929630110398035 , 0.9088508583931201 0.7124599612942688 
0.4699009221892612 0.18968458080581546 , 0.07112733726920828 0.9344533849009837 , 0.9082210609967184 0.7105675389470016 
0.4751205511813283 0.18703459613144166 , 0.06679818920629327 0.9391219532434695 , 0.9073305800675663 0.7085489552788897 
0.48041100183336144 0.18466467771597733 , 0.06265736131711573 0.9436387909903651 , 0.9061809573047107 0.7064020359474585 
0.48577340182081946 0.18257453103714608 , 0.058702481718895805 0.94800661866403 , 0.9047734369154726 0.7041243549526249 
0.4912089698068568 0.18076436758327263 , 0.05493137760601309 0.9522279198496678 , 0.903108973042318 0.7017132172208606 
0.4967190213399817 0.17923490928188462 , 0.05134206375889693 0.9563049570626748 , 0.9011882353563092 0.6991656383092415 
0.5023049753388479 0.1779873981532395 , 0.04793273221314298 0.9602397856532222 , 0.8990116129031969 0.6964783208473393 
0.5079683612298973 0.17702361142332432 , 0.04470174296090883 0.9640342659796112 , 0.8965792162643815 0.6936476272508656 
0.5137108268099081 0.17634588246850003 , 0.041647615571661994 0.9676900740456807 , 0.8938908780736176 0.6906695481396203 
0.5195341469120126 0.17595712811776373 , 0.03876902163195017 0.9712087107673059 , 0.8909461519112248 0.6875396657687315 
0.5254402329601138 0.17586088301598726 , 0.036064777914344495 0.9745915100076844 , 0.8877443095807294 0.6842531116301295 
0.5314311435023106 0.17606134196152912 , 0.03353384019431334 0.9778396454997873 , 0.8842843367585637 0.6808045171924848 
0.5375090958180576 0.17656341138578596 , 0.031175297640699637 0.9809541367563472 , 0.8805649269964304 0.677187956511668 
0.5436764786949105 0.17737277145541744 , 0.028988367710831166 0.983935854052539 , 0.876584474049446 0.6733968791458447 
0.5499358664666131 0.1784959506697817 , 0.02697239148517075 0.9867855225536383 , 0.8723410625034038 0.6694240314303812 
0.5562900343914189 0.17994041532289853 , 0.025126829378846752 0.9895037256491236 , 0.867832456684922 0.665261363681779 
0.5627419754223595 0.1817146768368278 , 0.023451257168378054 0.9920909075456825 , 0.8630560878644502 0.6608999202712909 
0.5692949183708929 0.18382842080103007 , 0.021945362271354567 0.9945473751642622 , 0.8580090398129403 0.6563297086885089 
0.5759523473780805 0.18629266263880762 , 0.020608940214630004 0.9968732993806287 , 0.8526880328624772 0.6515395426343648 
0.5827180224609357 0.18911993626429838 , 0.019441891222535822 0.9990687156449156 , 0.8470894067717162 0.6465168527445871 
0.5895960006600506 0.19232452403029052 , 0.01844421685046341 1.00113352401352 , 0.8412091029446738 0.6412474566099907 
0.5965906569196892 0.19592273889889206 , 0.017616016580517032 1.0030674886267656 , 0.8350426469549816 0.6357152771281435 
0.603706703186838 0.19993327338802203 , 0.01695748428432381 1.0048702366684927 , 0.8285851329840261 0.6299019945972864 
0.6109492031596414 0.20437763489441732 , 0.016468904442856824 1.0065412568499266 , 0.8218312128526897 0.6237866129094572 
0.6183235783725787 0.20928069412893902 , 0.016150647993446596 1.0080798974709724 , 0.8147750940891627 0.6173449130538897 
0.6258355983963014 0.2146713836344686 , 0.016003167648938603 1.0094853641291446 , 0.807410554409948 0.610548756890188 
0.6334913430023102 0.2205835982646587 , 0.016026992501795505 1.0107567171721583 , 0.7997309849510823 0.6033651892169841 
0.64129711564516 0.22705737156714964 , 0.016222721685035663 1.0118928690284676 , 0.7917294831249924 0.5957552640581838 
0.6492592726447834 0.23414043520808459 , 0.016591016809945718 1.012892581606281 , 0.7833990310004588 0.5876724878394355 
0.6573839054108354 0.24189031930025673 , 0.01713259283464793 1.013754464034319 , 0.7747328222097047 0.5790607213192255 
0.6656762627771196 0.2503772300911843 , 0.01784820693447632 1.0144769711400967 , 0.7657248507435922 0.5698513034225202 
0.6741397039129019 0.25968806430404817 , 0.018738644841256247 1.0150584032450614 , 0.75637097170103 0.5599590371046917 
0.682773779615234 0.26993211074263596 , 0.019804703991897675 1.0154969081353846 , 0.7466708368480564 0.5492764857757808 
0.6915706393196956 0.281249277776201 , 0.021047172680935183 1.0157904865014522 , 0.7366315084545573 0.5376657403761482 
0.7005080910626561 0.2938220672268573 , 0.022466804269314033 1.0159370028298993 , 0.7262744251232179 0.5249464345970449 
0.7095356671252437 0.3078927802765694 , 0.02406428544230567 1.0159342048585474 , 0.7156493678876387 0.5108785195186847 
0.7185454246816757 0.32378636831424695 , 0.025840197784734467 1.0157797565782514 , 0.7048636979887779 0.4951393797613031 
0.7273085718817485 0.34193118848325543 , 0.027794973337810114 1.0154712928716387 , 0.6941457752356295 0.4773030232989072 
0.7353395202127794 0.3628303354659804 , 0.029928849792108487 1.0150065085811457 , 0.6839809504503003 0.45686866060667525 
0.7416608860214298 0.3867887928215576 , 0.03224184706339557 1.0143832987170593 , 0.6753465873703628 0.4335334131151845 
0.7447946804798443 0.4130089134912749 , 0.03473383117125734 1.0135999505845734 , 0.6697208088040865 0.40809664057795314 
0.7440108829738873 0.4390517649325441 , 0.03740478850543755 1.012655287510265 , 0.6678336489758633 0.3829984522109923 
0.7402136654174775 0.4630197297628418 , 0.04025526859356033 1.0115485368762764 , 0.6687803864441503 0.36013723801468334 
0.7345837057078644 0.4845652816833246 , 0.04328663274508006 1.0102790023892692 , 0.6713789820022437 0.3398612205812078 
0.7278822805059935 0.5039733301461077 , 0.04650105443768527 1.0088458296440304 , 0.6748659855115094 0.3218863448636636 
0.7205334657597925 0.5216148185432921 , 0.04990144827415548 1.007247895018957 , 0.6788144064212401 0.30584279109155255 
0.7127726680195654 0.5378071166364221 , 0.053491409035218894 1.0054837566967225 , 0.6829852434004039 0.29141463132065687 
0.7047343622211351 0.5527998298062954 , 0.05727517604412318 1.0035516299090972 , 0.6872397821899299 0.278354044938409 
0.6964974854318567 0.5667868490620462 , 0.06125762113031155 1.0014493696218756 , 0.6914942138930198 0.2664692859698796 
0.6881089928082018 0.5799201968080306 , 0.06544425652139095 0.9991744534446574 , 0.6956960711255953 0.25561085440111336 
0.6795965217073614 0.5923210179283485 , 0.06984126008006782 0.9967239614198626 , 0.6998115386677589 0.24566052530559027 
0.6709754818560945 0.6040876096431191 , 0.07445551668424367 0.9940945508524102 , 0.7038183219148499 0.236523344158272 
0.6622531734303974 0.6153011847441328 , 0.07929467576112285 0.991282424860236 , 0.7077014712636679 0.22812189504943253 
0.6534312491664634 0.6260300273527298 , 0.08436722605617838 0.9882832933958391 , 0.7114508452325463 0.22039218390523235 
0.6445072125169445 0.636332531089291 , 0.08968258975543794 0.9850923253188216 , 0.7150595181828057 0.21328064824568868 
0.635475329182528 0.6462594606575142 , 0.09525123920277859 0.9817040897607567 , 0.7185227520698815 0.20674195423553046 
0.6263271639366808 0.6558556706185634 , 0.10108484078670374 0.9781124845248955 , 0.7218373157318037 0.20073734951034236 
0.6170518638331131 0.6651614424682994 , 0.10719643225940705 0.9743106485747154 , 0.725001024362668 0.19523341361078642 
0.6076362565098711 0.6742135529237188 , 0.11360064198676398 0.9702908547253785 , 0.728012421958553 0.19020109700470403 
0.5980648001373272 0.6830461546600177 , 0.12031396168327269 0.966044377361029 , 0.7308705586345882 0.18561497263275456 
0.5883193998835553 0.6916915302526888 , 0.1273550884651704 0.9615613282050121 , 0.7335748321064623 0.1814526461961004 
0.5783790889797591 0.7001807673701549 , 0.1347453581789392 0.9568304506340863 , 0.7361248732964898 0.17769428664956 
0.5682195568238217 0.7085443963333786 , 0.14250930091103536 0.9518388593860153 , 0.738520462720331 0.1743222489344073 
0.5578124889083456 0.7168130290482182 , 0.15067536294380487 0.9465717071853899 , 0.7407614686030377 0.1713207684201932 
0.5471246601520613 0.7250180409436668 , 0.15927685982622436 0.9410117518759264 , 0.7428478004769025 0.16867571183420796 
0.5361166894067806 0.7331923457703288 , 0.1683532571732163 0.9351387855719796 , 0.7447793738751912 0.166374373311493 
0.5247413102646888 0.7413713290346279 , 0.17795192720164718 0.9289288685675525 , 0.7465560829888521 0.16440530705162099 
0.5129409272384688 0.7495940335214392 , 0.18813061421136645 0.9223532808960364 , 0.7481777790053529 0.16275819023632584 
0.5006440798339228 0.7579047371189791 , 0.19896098818995914 0.9153770559604504 , 0.7496442524313063 0.16142371157437202 
0.48776017745660594 0.7663551418436961 , 0.21053392490048034 0.9079568805299086 , 0.750955218098102 0.1603934822801968 
0.47417139006801856 0.7750075247961723 , 0.22296762856878397 0.9000380122238528 , 0.7521103018183857 0.15965996763377646 
0.45971966672320597 0.7839394150414329 , 0.23642062589037313 0.8915496508920994 , 0.7531090278416092 0.1592164387202693 
0.4441850710136647 0.793250652526379 , 0.2511134430519525 0.8823979062866667 , 0.7539508063895711 0.1590569458407559 
0.4272482459800636 0.8030737523283016 , 0.2673661537630636 0.8724554342578517 , 0.7546349207120611 0.15917631806764837 
0.4084251759253609 0.813585994043324 , 0.28566363102120157 0.861549311658341 , 0.7551605135086259 0.15957019895213656 
0.38697430117056525 0.8250005102571653 , 0.30674844524860734 0.8494698543132485 , 0.7555265740360158 0.16023514008338793 
0.3619969118369846 0.8373680488995081 , 0.3315204753684872 0.8361686551551993 , 0.7557319332497165 0.16116880059909422 
0.3344327583551253 0.8494928755086326 , 0.3590412623393945 0.8228422839414163 , 0.7557752997606686 0.16237034520375274 
0.3089915966602467 0.8592754578331862 , 0.3846022949765504 0.811589075949462 , 0.7556554288183913 0.1638409708711536 
0.28676113285998794 0.8669614125644886 , 0.4071168806570547 0.8021603719272173 , 0.7553713069381458 0.1655837201620958 
0.26708450422395125 0.8731990785015595 , 0.4272427104326858 0.793903529781614 , 0.7549221057985515 0.16760289637062808 
0.24934840461189917 0.8784039294656588 , 0.4455938143881908 0.7863978121113476 , 0.7543071014550986 0.16990376307679522 
