0.21534958775615132 0.07356286096174314 , 0.27033261042517753 0.7912468543220569 , 0.30185254470258926 0.05891494151797583 
0.22691941542648233 0.05910397364444821 , 0.25774733405817846 0.7991579282940267 , 0.3028679933992573 0.06546275486330093 
0.24231764098286335 0.045142246210498865 , 0.24516572582940568 0.8067120496607727 , 0.30005137607164906 0.07187036093050424 
0.2611840835198176 0.03295390460385836 , 0.23259683558211453 0.8139194321415147 , 0.293753823781986 0.0768513200564027 
0.28224513484748787 0.02389102207945287 , 0.22004850220338648 0.8207898204442339 , 0.28524110583304374 0.07904381427808906 
0.3034952349265988 0.01867981836178717 , 0.20752744067536022 0.8273328443436675 , 0.2765120672819591 0.07771199409632117 
0.3231354947870798 0.017098935766548924 , 0.19503950835310851 0.8335582735597806 , 0.2693597397437298 0.07306744747544625 
0.34010250265086317 0.01841872169505616 , 0.18259001897309673 0.839476009969287 , 0.2648422212599582 0.0658299251374327 
0.3539036831801084 0.021853787140883003 , 0.17018395908123016 0.8450959038297065 , 0.26344710062257953 0.05677496583118631 
0.36432774067330914 0.026715368311588987 , 0.15782608745296725 0.8504275466588612 , 0.2653809147576417 0.04658174183132553 
0.3712684902160094 0.032401446231060387 , 0.1455209582158041 0.8554801121919514 , 0.2707452944521046 0.03584309837876399 
0.3746505277541866 0.038337860793471575 , 0.13327290320455049 0.860262256187533 , 0.279611311925181 0.02512453982077118 
0.3744245786774012 0.043906010611695745 , 0.12108599167100118 0.8647820676077327 , 0.29202417253551577 0.015036578582347417 
0.3706373875635983 0.04836706425976419 , 0.10896397382318188 0.8690470661147128 , 0.30793338149713795 0.006310526427298858 
0.3636227669607316 0.05081619672795548 , 0.09691021127963127 0.8730642508846147 , 0.3270017646435553 -0.00015579081079430002 
0.35434245710977375 0.050292888706986685 , 0.08492760567616343 0.8768402154476235 , 0.348264680097981 -0.0034084473528342447 
0.3446081218918307 0.0462365378953372 , 0.07301856174737598 0.8803813333095011 , 0.3699080592447115 -0.0028932144030623524 
0.33653066878013116 0.03900726695559207 , 0.061185043908546344 0.8836939560561229 , 0.38981903019524067 0.0010234337900609453 
0.33153666158675404 0.029670858981884686 , 0.049428732940018066 0.8867844975600966 , 0.4065693483571461 0.007269300259794686 
0.3301670434258738 0.019355649963302808 , 0.03775118915473881 0.8896593625968091 , 0.4196165103033056 0.014709644241664047 
0.3324572626635369 0.00895890413932203 , 0.026153945454940854 0.8923248115528591 , 0.4289235347654404 0.02244094110959475 
0.3382566577792837 -0.0008359990352637958 , 0.014638532106162469 0.8947868450016451 , 0.43463955299847196 0.029773810835394696 
0.3473697322009273 -0.009464804014517585 , 0.0032064614310880497 0.8970511329175037 , 0.43695854925190275 0.03613832789878983 
0.3595881247535541 -0.016396136914543717 , -0.008140807217087787 0.8991229850240895 , 0.43608742534745176 0.04099780869223015 
0.3746563846028494 -0.02106717365585275 , -0.01940191243864072 0.901007354782134 , 0.4322802707197094 0.043784475675494684 
0.3921696657281909 -0.0228530693528932 , -0.030575641251012378 0.9027088737732276 , 0.4259407184067396 0.04386885238144152 
0.41137791510021116 -0.02112545467137528 , -0.04166097977952462 0.9042319182870308 , 0.41781780756323156 0.04061819318612049 
0.43094025721586826 -0.015527885052115331 , -0.05265715060840627 0.9055807097832713 , 0.4092516362764561 0.03367183207061993 
0.448978397319456 -0.006488136882380122 , -0.06356360838059516 0.9067594334764039 , 0.4021199539450573 0.02345336020775223 
0.46384450203154876 0.004628780614227682 , -0.07437996646861662 0.9077723188801173 , 0.39807020732098597 0.011323557307430924 
0.47484703507107306 0.016210969646287075 , -0.08510588190847959 0.9086236210171437 , 0.3977935897213246 -0.0011099338616548087 
0.48207820497057724 0.027031306786120063 , -0.09574097217788033 0.9093175268309951 , 0.4011975100912212 -0.012624176815339222 
0.4859432483784592 0.03629928011213856 , -0.1062847932726202 0.9098580620543719 , 0.4078762877780791 -0.02243268536473457 
0.4869013173904109 0.04349097458328948 , -0.11673685918375956 0.9102490352606553 , 0.4173702846772667 -0.030015353042168822 
0.48539373989076573 0.048202064438133616 , -0.12709667898110852 0.9104940188146985 , 0.4292376819742609 -0.03497142645105616 
0.4818602423386073 0.05006009994607356 , -0.1373637985031751 0.9105963573071935 , 0.44303829904848585 -0.03693180045149106 
0.47680183081559363 0.04868729319607711 , -0.14753784078984042 0.9105591964553891 , 0.4582707528581648 -0.03552183284969019 
0.47088732506088893 0.04372706550403141 , -0.15761854119695243 0.9103855291023037 , 0.47426595901998153 -0.030387937804559177 
0.4650972668148878 0.034997524802075713 , -0.16760577060402954 0.9100782561056069 , 0.4900432466730598 -0.02135112410590661 
0.46079682340059 0.022859758904342112 , -0.1774995340658625 0.9096402550286349 , 0.5042374535491906 -0.008775357131201051 
0.4594171504317174 0.008626923879581389 , -0.18729992839733578 0.9090744341949673 , 0.5154175208495365 0.0060232987272272765 
0.46170729187294074 -0.005713425017967802 , -0.1970070602359326 0.9083837341447893 , 0.52283451124691 0.021054347674954323 
0.467469915139385 -0.018450073886143847 , -0.20662097012482852 0.9075710660140789 , 0.5266857978693618 0.0346036646738408 
0.4760281271091325 -0.02858138500449482 , -0.2161416094901633 0.9066392348361035 , 0.527648225264949 0.04566680697016708 
0.4866491760166013 -0.03562435835210296 , -0.2255688648595332 0.9055908930154976 , 0.5264544317268501 0.05375812213838116 
0.4986809289612553 -0.039346753131170184 , -0.2349026009281392 0.9044285293840852 , 0.5237564148508022 0.058642880548860715 
0.5115416063938731 -0.039609112571901035 , -0.24414270404240923 0.9031544825489504 , 0.5201358405324544 0.06017928682472648 
0.5246630116769073 -0.03629885656678672 , -0.25328911858183045 0.9017709685253517 , 0.5161608497888415 0.05825254484321089 
0.5374175419733298 -0.029330529096794025 , -0.2623418730424854 0.9002801167491611 , 0.5124590739530739 0.05277506914940876 
0.5490383610958237 -0.018723991474947074 , -0.2713010926214616 0.8986840106271757 , 0.5097974744095563 0.04376463764954713 
0.5585711804253882 -0.004813106796107346 , -0.2801669928788876 0.8969847277289104 , 0.5091305553374177 0.03155303586897283 
0.5649987654534084 0.011396939330864176 , -0.28893984701467423 0.895184369542756 , 0.5114758244451841 0.017143347928155625 
0.5677267812677937 0.02804644047518432 , -0.29761992462108317 0.8932850628816694 , 0.5174278862372078 0.0023931534449220804 
0.5670869075359145 0.04304885472890289 , -0.3062074235572266 0.8912889191998895 , 0.5266552589052305 -0.010613117127016621 
0.5640869181755909 0.05502898648402967 , -0.3147024394384326 0.889197972301623 , 0.5381502641467601 -0.020502301983876887 
0.5598005556100871 0.0634518414973846 , -0.3231049883429822 0.8870141375410187 , 0.5508391756168134 -0.026741322236627455 
0.5551000176867154 0.06825219487975373 , -0.3314150555188376 0.884739207129706 , 0.5638497807160406 -0.029266745207683895 
0.5506685578350079 0.0695411380364589 , -0.3396326429190778 0.882374869357443 , 0.5764988279679882 -0.028191350592126116 
0.5470852546473488 0.06747658180752937 , -0.3477578045178572 0.8799227379859855 , 0.5882072927544267 -0.023674662991739072 
0.5449057156439282 0.0622347856904378 , -0.35579066703279644 0.8773843838637573 , 0.5984196942727865 -0.01589451275241924 
0.5447249464653643 0.05404722566805763 , -0.3637314356637112 0.8747613644896369 , 0.6065412320822652 -0.005083933355918698 
0.5472076377705941 0.04330929345541427 , -0.3715803838036462 0.8720552480649727 , 0.6119074889169704 0.008360115281388856 
0.5530253171195717 0.030787265927806257 , -0.379337824748419 0.8692676271181484 , 0.6138472505127657 0.023669763755821166 
0.562568468321347 0.017865919778346544 , -0.38700406503225054 0.8664001139041239 , 0.6119703395948219 0.039458623119305494 
0.5754351777825046 0.006457867027868188 , -0.394579348821508 0.863454309777918 , 0.6066789139229217 0.05381247999598966 
0.5903133648517437 -0.0017951238629894846 , -0.40206382190829804 0.8604317549043847 , 0.5992851999404726 0.06508802576038064 
0.6056592422124439 -0.006201150305213747 , -0.4094575436385957 0.8573338893733922 , 0.5913330443100699 0.07259191773359751 
0.6202813152032287 -0.006824010585457936 , -0.41676053505823285 0.8541620500624718 , 0.5840139627389223 0.07638661732476205 
0.6333890644007358 -0.004033953379906481 , -0.42397282943476444 0.8509174947856484 , 0.5781185079179467 0.07684111539603408 
0.6444401861000022 0.0017381678751266939 , -0.43109450694842255 0.8476014351246052 , 0.5741890637323385 0.07438505380204406 
0.6530050246519311 0.010071047462596665 , -0.4381257110886014 0.8442150668683261 , 0.5726554293205884 0.06943854247085315 
0.6586831459261016 0.020537891223283172 , -0.4450666491947907 0.8407595936227462 , 0.5739182461526073 0.06242717195574663 
0.6610671387219132 0.032643116685426826 , -0.45191757954124356 0.8372362416776836 , 0.5783851837032485 0.053845298438665534 
0.6597703997733573 0.04571207964549018 , -0.45867878648160304 0.8336462643200189 , 0.586443129592164 0.0443663128362669 
0.6545854237423891 0.058741001371204395 , -0.4653505453496638 0.8299909328413551 , 0.598299864491193 0.03499272258921644 
0.6458584722813397 0.07032454309620478 , -0.47193308226493386 0.8262715112313179 , 0.6136093528675124 0.027128602474253145 
0.6348868425968268 0.07899240818515134 , -0.4784265432693816 0.8224892165386468 , 0.6310744435564731 0.022243032077977672 
0.6236188119164034 0.08396387833317273 , -0.4848309956350654 0.8186451820320428 , 0.6487469266025803 0.021115596436560264 
0.613731176110045 0.08539690524117502 , -0.4911464669673357 0.8147404494084568 , 0.6649500337412091 0.02358730215214399 
0.6062253240856291 0.08392984787152119 , -0.49737299429875104 0.8107759930225086 , 0.6786824130970404 0.029018815907746052 
0.601607286547572 0.08026957803165786 , -0.5035106566491258 0.8067527554612187 , 0.6894381129854722 0.03670232330889929 
0.6001396874520137 0.07505421980058204 , -0.5095595862347015 0.8026716780654243 , 0.6969546416666063 0.04599875893576955 
0.6019928730760882 0.06885899378738251 , -0.5155199635611414 0.7985337209654142 , 0.7010618333689717 0.056331942048979164 
0.607309539130082 0.062250360354446636 , -0.5213920019620155 0.794339872298422 , 0.7016172057158518 0.06713442414890727 
0.6162046765249145 0.05585925031321402 , -0.5271759254194353 0.7900911472595217 , 0.6985059917784391 0.07777425922904012 
0.6286860643617134 0.050464144035000914 , -0.5328719425642254 0.7857885772063413 , 0.6917206210864304 0.08747193556043358 
0.6444398738042327 0.047044406397721346 , -0.5384802205652475 0.7814331886923779 , 0.6815750896449331 0.09524706171167657 
0.6624653786831404 0.046656845428029885 , -0.5440008661079775 0.7770259738722269 , 0.6690702303087555 0.100041837501519 
0.6808993275678014 0.04994148030212826 , -0.5494339258500391 0.7725678603648638 , 0.6560693411661561 0.10121531613478375 
0.697662416644031 0.05661430990646047 , -0.5547794153451022 0.7680596988217872 , 0.6446517415849895 0.09905064807352822 
0.7113823552470265 0.0657135828554741 , -0.5600373620436894 0.7635022808576893 , 0.636189749680581 0.09450879308861236 
0.7215077327140603 0.07619626682456204 , -0.5652078338650336 0.7588963737838836 , 0.6312348440348913 0.08863201619333018 
0.7279463789415909 0.08720306472026476 , -0.5702909438487401 0.7542427506643629 , 0.6298793077910674 0.08227884141714827 
0.730780985982792 0.09805227749217503 , -0.5752868386054534 0.749542207282821 , 0.6320405955065795 0.0761301720267799 
0.7301423078354556 0.10816042777996052 , -0.5801956795483642 0.7447955669111899 , 0.6375881145968267 0.07076866211062555 
0.7261805102481217 0.11696349078716017 , -0.5850176223798538 0.7400036757632648 , 0.6463718550156503 0.06675749025135094 
0.7191021853401566 0.12385300196978892 , -0.589752797947656 0.7351673913865396 , 0.6581853554914175 0.06470426344544737 
0.7092824702057502 0.128142681178577 , -0.5944012970582632 0.7302875654955584 , 0.6726535697364312 0.06529441012764048 
0.6974819799344196 0.12912890123005016 , -0.5989631629117008 0.7253650229800294 , 0.6890159258611994 0.0692307325916963 
0.6851068883112011 0.1263834888262648 , -0.6034383968626462 0.7204005412779018 , 0.7058662514353632 0.07694062669760932 
0.6741079276017803 0.12027452552973149 , -0.6078269825945878 0.7153948397325989 , 0.7212537978767257 0.08805529153944547 
