0.7606892567560753 0.9991673769498648 , 0.9075482834185307 0.2182488392034181 , 0.3786659359281057 0.8998757880472504 
0.7555527092511422 1.001240337312305 , 0.9100192320420468 0.22220237614034385 , 0.38133153480952275 0.8938492907478844 
0.7498700818622004 1.0029960604290953 , 0.9123771171041452 0.22641317572454717 , 0.38465627713636613 0.8878827680468908 
0.7436300824680435 1.0044142289552163 , 0.914617920139159 0.2308827577181987 , 0.3886554734955091 0.8819950175271183 
0.7368186621364368 1.0054718117606238 , 0.9167373298504194 0.23561297914891421 , 0.3933474841158554 0.8762072132909953 
0.729418671528991 1.0061423843450967 , 0.9187307174173492 0.24060605362553145 , 0.3987540871563714 0.870543566229905 
0.7214094315833084 1.0063952520748047 , 0.9205931090321737 0.24586457460144637 , 0.40490093548722955 0.8650321775242821 
0.7127662020023099 1.0061942975336595 , 0.9223191555181388 0.2513915432561687 , 0.41181811858226297 0.8597061634107049 
0.7034595301680648 1.00549643624162 , 0.9239030989584854 0.2571904018126139 , 0.4195408469761614 0.8546051661462992 
0.6934544666257954 1.0042495070076392 , 0.9253387364159485 0.26326507327630566 , 0.4281102730609678 0.8497774239165884 
0.6827096483759293 1.0023893308084046 , 0.9266193810956088 0.2696200087624824 , 0.4375744466311737 0.8452826646296462 
0.6711762949153139 0.9998355225851285 , 0.9277378217820192 0.27626024373698504 , 0.4479893594053786 0.8411962378784197 
0.6587972756400179 0.9964853959635925 , 0.928686282202892 0.2831914645599058 , 0.45941991825980194 0.8376151436770349 
0.6455066935454463 0.9922049030886577 , 0.9294563833670534 0.2904200865092632 , 0.47194039919021213 0.8346670146026124 
0.6312311512624899 0.9868149304288009 , 0.9300391142724176 0.297953343573451 , 0.48563321056780445 0.8325237301982815 
0.6158957073085386 0.9800704448171842 , 0.9304248202677469 0.30579938783657046 , 0.5005829485264265 0.8314221715467787 
0.5994422963208923 0.9716295948460036 , 0.9306032245451725 0.31396739024336895 , 0.5168579552366471 0.8316950191111608 
0.5818805085121665 0.9610136310859133 , 0.9305635070908965 0.32246762060776185 , 0.5344594604996489 0.8338107525068582 
0.56341747202351 0.9475827756075202 , 0.9302944738037107 0.33131145454370703 , 0.5531915302754913 0.838397774049306 
0.5447382242781899 0.9306495148309063 , 0.9297848377577672 0.3405111985457669 , 0.5723804140667549 0.8461312908238601 
0.5273193008632443 0.9100255900193961 , 0.9290235390472517 0.35007956707882987 , 0.590560636192216 0.8571868471023073 
0.5129258452347619 0.886807425637604 , 0.927999758369552 0.36002879051602443 , 0.6059778724983981 0.8704557880469048 
0.502239370775835 0.8627922784247113 , 0.9267021810426457 0.3703699362157666 , 0.6179619242842312 0.8841297895600554 
0.4948444940509177 0.839183515361829 , 0.9251178619275104 0.381113069426348 , 0.6269411201242838 0.8969954194123564 
0.4900613643137586 0.8164669591955868 , 0.9232313862249525 0.39226785347255844 , 0.633610725564001 0.9085571915323882 
0.4873225342125128 0.7947592636246252 , 0.9210243700296881 0.40384406085275343 , 0.6385565718605112 0.9186886797231548 
0.4862201526105585 0.7740335384366087 , 0.9184750879702872 0.41585188195329065 , 0.6422082355218663 0.9274065838106341 
0.4864718395564992 0.754216742006057 , 0.9155580878972296 0.4283020735926916 , 0.6448735486489832 0.9347731886017848 
0.48788363012895963 0.7352271346399284 , 0.9122437254424729 0.44120599096730784 , 0.6467761205312794 0.9408588785932972 
0.49032326268993703 0.7169878567751272 , 0.9084975826671362 0.4545755209597811 , 0.6480826307456388 0.945728626465625 
0.4937026370941365 0.6994314216866107 , 0.9042797450491386 0.46842291122196955 , 0.648921093959437 0.9494376712919532 
0.49796659526614545 0.682500924525694 , 0.8995439135527108 0.48276046835173936 , 0.6493929672838558 0.9520306113231001 
0.5030858305113844 0.6661502808202365 , 0.8942363306568284 0.49760007596834055 , 0.6495813149344991 0.9535416474119564 
0.509052484123117 0.6503444738577309 , 0.8882945066302241 0.5129524558149074 , 0.6495564853493708 0.9539950745278951 
0.5158774968241316 0.6350602958215376 , 0.8816457527442434 0.5288260592772572 , 0.6493802265343369 0.9534056491017388 
0.523589063534164 0.6202879124670786 , 0.8742055748551487 0.5452254321831917 , 0.6491088377133992 0.9517786595502632 
0.5322316354304846 0.6060335693361882 , 0.8658760774587577 0.5621488482382488 , 0.6487957632134698 0.9491095866260966 
0.5418648315999964 0.5923237947041505 , 0.8565447143597291 0.5795849796643642 , 0.6484939301429864 0.945383229832019 
0.5525613332824538 0.579211452593699 , 0.8460840550622776 0.5975084354768494 , 0.6482580877579806 0.9405721161299853 
0.5644022905464099 0.5667837999705951 , 0.8343537732268285 0.6158743140691283 , 0.6481474123294735 0.9346338901608102 
0.5774680039975232 0.55517198942589 , 0.8212067731520744 0.6346128363529131 , 0.6482286989531143 0.9275071784217306 
0.5918210214280796 0.544559714835962 , 0.8065018674876987 0.6536272376532184 , 0.6485805871869336 0.9191050517113533 
0.6074795326404312 0.5351854982637383 , 0.7901244489209129 0.6728019726111889 , 0.6492994945413677 0.9093045333256065 
0.6243834459132007 0.5273294246036423 , 0.7720117196785761 0.6920332705559948 , 0.650508310510935 0.8979293090408964 
0.6423654198038883 0.5212756501819109 , 0.75216863531732 0.7112960815861854 , 0.6523694209815035 0.8847202724324373 
0.6611488102741059 0.5172543191847992 , 0.7306511195914823 0.7307537731578744 , 0.6551035462371236 0.8692839118578601 
0.6803879382893642 0.5153887875114425 , 0.7075067086097101 0.7508985622057738 , 0.6590088292036376 0.8510046544833174 
0.699736777266991 0.5156830360241886 , 0.682753883629084 0.7726520220902888 , 0.6644128152066369 0.8289569460860562 
0.7189074340308204 0.5180619231461637 , 0.6569131715549567 0.7967736942726359 , 0.6710828705169347 0.8024563867817339 
0.7376860191998685 0.5224474663159083 , 0.632665194779853 0.8204377338431584 , 0.6765522621229902 0.7744068040414668 
0.755891171476281 0.5288258924081701 , 0.6113424406159946 0.8405175724728118 , 0.679669864010436 0.7479485393195516 
0.7733081372921435 0.5372435409462404 , 0.5922640467246928 0.8573039228987427 , 0.6813312920858754 0.7227445403555505 
0.7896413508174579 0.5477654739598223 , 0.5748146490006278 0.8715451356251289 , 0.682447476284626 0.6979813946155823 
0.8044827334813174 0.5604131758909984 , 0.5586132081438391 0.8838090017784368 , 0.6838075344775553 0.6730698265310984 
0.817310113882242 0.5750692301418145 , 0.5434222753996186 0.8944954315934671 , 0.686171086820851 0.6477273424652519 
0.8275582713732446 0.5913615881502055 , 0.5290875975819765 0.903892081302055 , 0.6902576071474905 0.6220383347482731 
0.8347944512158664 0.6086085836070059 , 0.5155059303492457 0.9122118298282403 , 0.6966030945375995 0.5964715907652873 
0.8389211461492367 0.6259421023731286 , 0.5026071856908106 0.9196153322716739 , 0.7053751442626642 0.571734569555731 
0.8402228731312636 0.6425780416910944 , 0.4903434596985275 0.926225143332986 , 0.7163371432729204 0.5484888191764531 
0.8392096351486226 0.6580151645979542 , 0.47868168483699475 0.9321354578538061 , 0.7290121561170942 0.5271413817487732 
0.8364190834454088 0.672045364290881 , 0.4675986437948054 0.9374193229091695 , 0.7428857488624974 0.5078273170004831 
0.8323053927104493 0.6846590526628453 , 0.4570777058146392 0.9421340269021559 , 0.757520377577623 0.4904989246355325 
0.8272128298999387 0.6959490291853615 , 0.44710677144283006 0.9463250475642585 , 0.7725838747599428 0.47501792745091376 
0.8213890550718943 0.7060481745430679 , 0.4376770066306066 0.9500288958549352 , 0.7878374144002107 0.46121493380253065 
0.8150079730638824 0.7150968189118456 , 0.4287820697353919 0.9532751536861528 , 0.8031134333034373 0.4489200316025353 
0.8081902833050228 0.7232280776538368 , 0.4204176422612438 0.9560879394896451 , 0.818295550536445 0.43797598705705193 
0.8010190366770003 0.7305624755712811 , 0.41258114896005 0.9584869710383033 , 0.8333032904656613 0.4282425575909494 
0.7935506519842795 0.7372069310766547 , 0.40527159976803595 0.9604883431288365 , 0.8480812243503961 0.41959672999504266 
0.78582251232865 0.7432555984595371 , 0.39848951420735884 0.962105100360887 , 0.8625914495667028 0.41193130538010964 
0.777858155740073 0.7487913768956015 , 0.39223690572944064 0.9633476594802928 , 0.8768084146331978 0.4051529678246395 
0.7696708143369805 0.7538875502047376 , 0.38651731379060034 0.9642241182174209 , 0.8907153479751307 0.3991803357783752 
0.7612658234087609 0.7586093360633558 , 0.38133587809798725 0.9647404755311507 , 0.9043017745959634 0.3939421926060273 
0.7526422497630069 0.7630152698925725 , 0.37669945414535816 0.9649007797333268 , 0.9175617721943465 0.38937595457463453 
0.7437939698263699 0.7671584143507306 , 0.3726167729197081 0.9647072147945175 , 0.9304927333566336 0.3854263750552857 
0.7347103475525636 0.7710874130908576 , 0.36909865120899565 0.9641601303051087 , 0.9430944773411524 0.38204446080456755 
0.7253766074008287 0.7748474179418549 , 0.366158262847185 0.9632580164169896 , 0.955368605854698 0.3791865698416894 
0.7157739591231681 0.7784809219736077 , 0.3638114860683066 0.9619974210713317 , 0.9673180309112369 0.37681366115559445 
0.7058795021972686 0.7820285319544861 , 0.3620773486141191 0.96037280239295 , 0.9789466252913239 0.3748906698530979 
0.6956659135738882 0.7855297151187821 , 0.3609786013545308 0.9583763036736546 , 0.9902589611742927 0.37338598540809725 
0.6851008989099657 0.7890235586323872 , 0.3605424644796064 0.9559974310141527 , 1.0012601127131395 0.3722710145539941 
0.6741463605107221 0.7925495872949906 , 0.36080161029646585 0.953222603133922 , 1.0119555052955238 0.37151981377162135 
0.6627571995857139 0.7961486980456702 , 0.36179547747365715 0.9500345269557743 , 1.0223507990433407 0.37110877919908947 
0.6508796182777172 0.7998642923420063 , 0.36357206038546586 0.9464113276924426 , 1.0324517974395286 0.37101638416608507 
0.6384487050892967 0.803743725793492 , 0.36619039672723 0.9423253218972949 , 1.042264374286185 0.3712229565097471 
0.6253849523383497 0.8078402601157997 , 0.3697241099792242 0.9377412546342494 , 1.0517944137851378 0.37171048945048496 
0.6115891226027892 0.812215817188487 , 0.3742665939287659 0.9326137058252822 , 1.0610477595711567 0.3724624811867649 
0.5969344704884957 0.8169450397925837 , 0.37993883650436155 0.9268831647965853 , 1.0700301691098546 0.37346379961136517 
0.5812545833838273 0.8221215347207146 , 0.38690162272296386 0.9204698996863062 , 1.0787472699959206 0.3747005697935133 
0.564323780951791 0.8278678344687985 , 0.3953751809342524 0.9132640863997971 , 1.0872045142166684 0.3761600833319386 
0.5458249821681843 0.8343516189794032 , 0.4056713689571462 0.9051096544236897 , 1.0954071249773814 0.3778307307974412 
0.5252995831813684 0.8418108644051915 , 0.4182438657460731 0.8957791775577109 , 1.1033600271752704 0.3797019622376318 
0.5020995702498995 0.8505774348682892 , 0.4337361615068926 0.8849502807764974 , 1.1110677443459198 0.38176428855574757 
0.47560607659105586 0.8609650173780508 , 0.452763174276085 0.8723176326271859 , 1.118534225235571 0.3840093541952976 
0.44715683971400333 0.8722945953080143 , 0.4739841087550971 0.8585672688608464 , 1.1257625276336114 0.3864301400316735 
0.4211766401316882 0.8823374433687085 , 0.49297245182948785 0.8459333183146877 , 1.1327543841415357 0.3890212425171382 
0.3986975547205204 0.8905850369864872 , 0.5086956715345263 0.8349283307144111 , 1.139510249847665 0.3917786364996362 
0.37907068475301947 0.8973723891670049 , 0.5218030280409339 0.8252205246957242 , 1.1460297633087584 0.3946990903378054 
0.3616684048634873 0.9030205530190583 , 0.5329230150576326 0.816491648169238 , 1.1523120561815918 0.3977798030122382 
0.34605090178997944 0.9077543446897122 , 0.542496654325732 0.8085194442200748 , 1.1583559199870004 0.40101821529074755 
0.3319150406156696 0.9117288751355028 , 0.5508285335200557 0.8011512240034994 , 1.1641599019669866 0.40441190506153235 
0.31904587808266993 0.9150543281292832 , 0.5581352329413908 0.7942791512170602 , 1.1697223650786512 0.4079585248541912 
