0.7949228190487094 0.4017014807571271 , 0.7175443662874944 0.991537823291554 , 0.77666080056239 0.26165228696103904 
0.8103511848253399 0.4137577624094151 , 0.7093653370385824 0.9752202891261159 , 0.7694114640346715 0.2659135394741891 
0.8250608901343074 0.4236954884268768 , 0.7012544543246678 0.9584227893666548 , 0.7628126414396186 0.2727733132161885 
0.8388121972198846 0.43179033754971224 , 0.6932331531786019 0.9411136782163703 , 0.7570826355001072 0.28198757524363766 
0.8514143154642252 0.4382742771066196 , 0.6853260361078493 0.9232600211546149 , 0.7523876343265193 0.2933572927484857 
0.8626985783187937 0.4433406223424202 , 0.6775609133081528 0.9048271561452248 , 0.7488684942716473 0.3067238125220752 
0.8725003994534574 0.44715177101198444 , 0.6699690129027102 0.8857778410373734 , 0.7466585735424263 0.3219619789603623 
0.8806455245021647 0.44984782433886344 , 0.6625855309585095 0.8660708897470748 , 0.7458969304379197 0.338972876923782 
0.886937674695164 0.45155642712776184 , 0.6554507785481176 0.8456591858613234 , 0.7467395326553122 0.35767597802063505 
0.8911456790869958 0.45240557614461363 , 0.6486123354652481 0.8244869583488869 , 0.7493699713463501 0.3779990565162198 
0.8929892144330367 0.45254301426102644 , 0.6421288930092958 0.802486258746155 , 0.7540098784562616 0.3998623180025389 
0.8921246930660868 0.45216922200636567 , 0.6360769374466433 0.779572847324638 , 0.760926355385864 0.4231495216787166 
0.888140475169769 0.45159694505367737 , 0.6305621025943969 0.7556426065416999 , 0.7704254081344281 0.44765203941434306 
0.8805933686755272 0.4513561623775606 , 0.6257373973362855 0.7305721362027496 , 0.7827972198867813 0.4729632924294101 
0.8691704439597684 0.4523444899300873 , 0.621827996163298 0.7042325094022406 , 0.7981295457755276 0.4983145916773924 
0.8540864724019398 0.45588777111717793 , 0.6191502107743242 0.6765292856678248 , 0.81589130272233 0.5224745342247176 
0.836484751602282 0.463328684249344 , 0.6180928639646576 0.6474617596478753 , 0.8345503703316545 0.5441011471125009 
0.8180042357962378 0.475235111190158 , 0.6190565437928581 0.6171411517342315 , 0.8520672063094981 0.5625153280853308 
0.7997667126446162 0.4913042777844323 , 0.6224362383658815 0.5857366293801741 , 0.8669250348880964 0.5778506838451137 
0.7820182649125793 0.5108611029483867 , 0.6287096223468575 0.5534538784186676 , 0.8784000986391572 0.5905766096426658 
0.764307012160145 0.5330008214875304 , 0.6385401925548553 0.5207148564906118 , 0.8862807811835939 0.6011759130315779 
0.7459945655667457 0.5561907361381617 , 0.6525167135301817 0.48863985476587113 , 0.8906167068016667 0.6100610001056872 
0.7273795537540169 0.5783477202069374 , 0.6701459039980868 0.4589865107223284 , 0.8916025281464903 0.6175573600804544 
0.7096844343090226 0.598409498167367 , 0.6899351602757352 0.4325964382130581 , 0.8895083913138362 0.623885654629295 
0.6937392035750906 0.6165084150534308 , 0.7107778001540449 0.4092080248164721 , 0.8846109821694587 0.6291751511398173 
0.6798304566235148 0.6330469119715246 , 0.7321409402937528 0.38834000872796376 , 0.8771565889813266 0.6335046703102318 
0.668011735701853 0.6483391447158026 , 0.7537638558818873 0.36961358893523527 , 0.8673523943148539 0.6369388573586824 
0.6582757960529796 0.6625777221560762 , 0.7754859504790121 0.35276064242929744 , 0.8553662393666025 0.6395532264243465 
0.6506192130235923 0.6758585633596268 , 0.7971829903526204 0.33758143815472214 , 0.8413257825223815 0.6414515894953713 
0.6450646710196598 0.6882006760742595 , 0.8187481468435915 0.32391145865891524 , 0.8253151680353429 0.6427794562765454 
0.6416684785126819 0.6995529743725285 , 0.8400892492800152 0.3116022187752958 , 0.8073702581058971 0.6437363978618958 
0.6405219145125735 0.7097881386567083 , 0.8611309373713268 0.3005124909788196 , 0.7874751340146938 0.6445909613741923 
0.6417457533500504 0.7186821487922149 , 0.8818170600483682 0.29050616807738106 , 0.7655651725001754 0.6457032741401242 
0.645467236336294 0.7258760373582576 , 0.9021114863239069 0.2814537791261826 , 0.7415492632383931 0.6475617745252801 
0.6517467143142384 0.7308203882518869 , 0.9219969169191341 0.2732354838927933 , 0.7153843546652215 0.6508357188650401 
0.6603736060958774 0.7327397608112519 , 0.941471999039447 0.2657441643699166 , 0.6872823807632696 0.6564076658285517 
0.6704294469617946 0.7307997737379811 , 0.9605472388621307 0.2588879133900803 , 0.6581513000746688 0.6652039038816588 
0.6799413437476556 0.7248202442652056 , 0.9792400718181504 0.2525915099906433 , 0.6299465703327881 0.6774798367538714 
0.6868230789823981 0.7159377591201677 , 0.9975696307434164 0.24679603370767708 , 0.6047352761727796 0.6921577981818756 
0.6902649495949409 0.705759280591971 , 1.0155528797720115 0.24145575842097317 , 0.5833101565316416 0.7076765519967763 
0.690471120590212 0.6953984773526125 , 1.0332034643278734 0.23653376504129628 , 0.5654534009805088 0.7229593486158117 
0.6879353596845773 0.6854471062000962 , 1.0505323283728587 0.2319984671807132 , 0.5506602978411581 0.737446017628911 
0.6831271383397688 0.6762019474621239 , 1.067548756919857 0.22782154078804576 , 0.5384520906389684 0.7508681027595507 
0.6764235728111974 0.6678186661182755 , 1.0842612627598398 0.22397686301509653 , 0.5284431503275571 0.7630960618763485 
0.6681147385998624 0.6603894779127614 , 1.1006781906216554 0.22044003860793265 , 0.5203350566770765 0.7740620744890264 
0.6584225124914624 0.6539804887098988 , 1.1168080630953896 0.21718823394787612 , 0.5138974103117421 0.7837228683519456 
0.6475179270666618 0.6486502504466714 , 1.1326597287312952 0.21420015261288894 , 0.5089503301006373 0.7920411879501602 
0.6355346681262637 0.6444598599506979 , 1.1482423733765033 0.21145605895673486 , 0.5053509443958273 0.7989756721022877 
0.622579319756263 0.6414794442940451 , 1.163565446166903 0.20893780080976912 , 0.5029832199754283 0.8044743459059062 
0.6087394514276423 0.6397934375691061 , 1.178638539556416 0.20662880934777103 , 0.5017499949145358 0.8084693440928432 
0.5940906423370912 0.6395060115557287 , 1.1934712512043693 0.20451406980958986 , 0.5015660923571336 0.8108715096444018 
0.5787036117310532 0.6407476147788284 , 1.2080730456265647 0.2025800650613075 , 0.5023513285409761 0.8115639111695845 
0.5626530165356209 0.6436834319167448 , 1.222453125643079 0.20081469765774015 , 0.504021843719894 0.8103934614352354 
0.5460305028677953 0.6485243822518156 , 1.236620317781242 0.19920719682298452 , 0.5064771652495568 0.8071600119349202 
0.5289668961262366 0.6555403203233516 , 1.2505829716505161 0.19774801576530032 , 0.5095781181218415 0.8016032549210683 
0.511673219274125 0.6650710475896542 , 1.2643488706408352 0.19642872244259937 , 0.5131058959836339 0.7933918209774666 
0.49451876725371946 0.6775157510496279 , 1.2779251502618398 0.1952418830893203 , 0.5166840683830347 0.7821339568707719 
0.4781694150999404 0.6932329622275673 , 1.2913182226790594 0.1941809314127652 , 0.5196403481195943 0.7674776973693876 
0.4637454812732039 0.7121757876638313 , 1.3045337175502842 0.19324000610343475 , 0.5208487870751058 0.7494757972424541 
0.4526270724625841 0.7331687288918034 , 1.3175764835392174 0.19241373179378507 , 0.5189244298967924 0.7293091303241316 
0.4454215563976889 0.753888332058769 , 1.3304507415789235 0.19169695666624212 , 0.5132556879219815 0.7093063022847088 
0.44146659082871825 0.772473270754255 , 1.3431603990489733 0.1910845774491239 , 0.5045009960209024 0.6913337428063411 
0.43972234676607935 0.7882588148098089 , 1.3557093204391368 0.19057155538811318 , 0.4936963186933778 0.6760612208117979 
0.43937260897028324 0.8012441584990376 , 1.3681014277887367 0.1901530259947467 , 0.48165394913957404 0.6634944065159356 
0.4398732799121248 0.8116325448565289 , 1.3803406875354483 0.18982439459717293 , 0.46891401845102093 0.6534346515560181 
0.4408662838331006 0.8196493968674154 , 1.3924310568208569 0.18958138948076494 , 0.45583064524463657 0.6456608046615395 
0.44210620261710604 0.8254893185635976 , 1.404376425846255 0.18942007942903683 , 0.44264535743523303 0.6399821930170855 
0.4434138791062691 0.8293063092699096 , 1.416180569474935 0.1893368677977842 , 0.42953353731738997 0.6362484139420262 
0.4446482655864884 0.8312162224952815 , 1.4278471111253062 0.18932847277556264 , 0.41663260918679956 0.6343468957388758 
0.4456886725920299 0.8313016073843943 , 1.4393794982257457 0.18939190029591776 , 0.4040598150808185 0.6341980833294079 
0.4464225395321528 0.8296160620176424 , 1.450780987378804 0.18952441362004127 , 0.3919244589876374 0.6357511153720363 
0.44673577529798075 0.8261874508896411 , 1.4620546373014682 0.18972350194685103 , 0.38033757329914514 0.6389806381732279 
0.446503679592668 0.8210200572230494 , 1.473203307911311 0.18998684932819737 , 0.3694209983946152 0.6438846844584732 
0.4455807720536014 0.8140960752488903 , 1.4842296643568185 0.190312304480825 , 0.3593175494881742 0.6504832112800047 
0.4437876971188143 0.8053773075845735 , 1.495136185257934 0.19069785166014286 , 0.35020410352184594 0.6588164317650037 
0.44089281126204016 0.7948090685695551 , 1.5059251749258702 0.19114158251392996 , 0.3423099997106838 0.6689409399262349 
0.4365853417482077 0.7823313231967823 , 1.5165987799145335 0.1916416687427286 , 0.335943864235853 0.680918599070209 
0.43043769721421954 0.7679101771107166 , 1.5271590109991642 0.19219633552034743 , 0.3315312776852104 0.6947850783786559 
0.4218644021429666 0.7516234052590675 , 1.5376077726459125 0.19280383622990035 , 0.32965581110971504 0.7104643495207521 
0.4101353723609333 0.7338741417289044 , 1.5479469029803932 0.19346243088984513 , 0.33104571055726767 0.7275550183909704 
0.39466054795843086 0.7157943040012847 , 1.5581782262405097 0.19417037534330195 , 0.3362892116996536 0.7449269116651331 
0.3758120239223005 0.6994010729181256 , 1.568303609221048 0.1949259366301758 , 0.34501235275524555 0.7605645814614185 
0.35528800429749924 0.6864202118605078 , 1.5783249854831678 0.19572744734489644 , 0.35551499611792714 0.7727439318043156 
0.33482681503761563 0.6771623741207242 , 1.5882443128383967 0.1965733682680588 , 0.36605685802258175 0.7811558486209368 
0.31538794262985814 0.6711179510435586 , 1.598063503526694 0.19746230954580865 , 0.37567653974204196 0.7863113304203525 
0.29736501454110537 0.6676654848478373 , 1.6077843776333314 0.19839301473089768 , 0.38397859372415727 0.7888330914309848 
0.28089046064754375 0.6662943843459177 , 1.6174086447767202 0.19936433286327487 , 0.39082888047433 0.7892328738005272 
0.2659949062968911 0.6666203862246318 , 1.6269379030927758 0.20037519155805425 , 0.3961951765089271 0.7878960132270337 
0.2526759440998413 0.6683570929915683 , 1.6363736468680226 0.20142457471006633 , 0.40007839493073016 0.7851099233080852 
0.2409269565031493 0.6712874948909968 , 1.645717278051511 0.20251150502576387 , 0.4024837513439336 0.7810925910929591 
0.23074963858365732 0.6752425802112719 , 1.6549701192355124 0.20363503072328293 , 0.4034082280794243 0.776013980075165 
0.2221601055133687 0.6800860427786009 , 1.6641334269137766 0.2047942156676522 , 0.4028344534714486 0.7700113325634668 
0.21519276133462725 0.6857030361820449 , 1.6732084044311986 0.20598813233943192 , 0.400726820132768 0.7632004224882429 
0.20990383105124064 0.6919911846065202 , 1.6821962143330433 0.20721585719542282 , 0.39702794051430995 0.7556845492077767 
0.20637556281573904 0.6988523191711787 , 1.6910979899561147 0.20847646812607717 , 0.3916544331267401 0.7475628037124639 
0.20472174524786146 0.7061833558436102 , 1.6999148461488134 0.2097690438433032 , 0.384491394501919 0.7389391913228063 
0.2050949168788308 0.7138641862885083 , 1.7086478889891814 0.21109266515503683 , 0.3753851800305817 0.7299347395661745 
0.20769493843972364 0.7217390859319839 , 1.717298224287294 0.21244641821573376 , 0.3641348231715763 0.720706086862002 
0.21277606576608293 0.7295853276856433 , 1.7258669644745512 0.21382940000589726 , 0.3504849556579598 0.711476863318179 
0.22064093683234834 0.737057802845148 , 1.7343552331032939 0.21524072650922133 , 0.33413181596295183 0.7025930616553504 
0.2315819627838097 0.7435946109416328 , 1.7427641654006973 0.21667954430450004 , 0.31478185771408695 0.6946174357635868 
