0.4506243755933452 0.4935691617812722 , 0.16474624948922711 0.6411744988753101 , 0.31576345669666217 0.6275006521372513 
0.44913197551273154 0.49011747030373853 , 0.1710146443121204 0.6484341483132063 , 0.31098746195438254 0.6236926941768887 
0.445542699708247 0.4883998479217636 , 0.18068740796444252 0.6548024279128316 , 0.30490397410654496 0.6190420369592383 
0.43981847790135686 0.4884405661996185 , 0.19395387898633087 0.659881542829026 , 0.2973617248915467 0.613922203765189 
0.43187284127530223 0.4902949534845049 , 0.2110022831103168 0.6630827294748742 , 0.2882589573936154 0.6088666298344543 
0.42156983150899735 0.49405939398406573 , 0.23185908268653144 0.6635439085587398 , 0.2777051675837056 0.6046410102510279 
0.4087202543991705 0.49989712181407125 , 0.2560042497483596 0.6601437955875725 , 0.26640957763170425 0.6022033953921897 
0.39307309680373914 0.5080981057121173 , 0.28188094553117643 0.6519174117188152 , 0.2561800394443188 0.602228795362901 
0.3743034333645235 0.5192003902581263 , 0.3072942359153686 0.6387779613555431 , 0.24953641249934225 0.6042659611801641 
0.35206190717973085 0.5341824687048703 , 0.3307806201398383 0.6212194433997479 , 0.24829155445966516 0.6068424006892152 
0.3264728139294243 0.5544885223481537 , 0.3514282720000868 0.5994173404029256 , 0.25323299584972325 0.608338450042754 
0.2996722441707311 0.580137343843855 , 0.36677470889273245 0.5747762749411914 , 0.26468712871577077 0.6073306940087869 
0.2740287163429611 0.6075582785302265 , 0.37504805259421264 0.5514752256562955 , 0.28205731284206054 0.6032108086073114 
0.2520092975049095 0.6329780532481919 , 0.37750385744839154 0.5314074333959199 , 0.3016209268259332 0.5978588261497215 
0.23491781916006643 0.6547234853996139 , 0.3754791700835441 0.515141685754923 , 0.32073709253562377 0.5923791416392965 
0.22188283649385948 0.6731791120241716 , 0.37007161922002274 0.5031113384095665 , 0.33917962606535207 0.5859538623600955 
0.21194574799292318 0.6889325193404937 , 0.362378693017332 0.49569640072656845 , 0.3568096407689791 0.5776153927267713 
0.2044249431207627 0.7024097108070415 , 0.35361590021956646 0.49310717731001263 , 0.3730932384389051 0.5667274246767794 
0.19885933929518904 0.7138884627640798 , 0.3451227398959023 0.4952227880925509 , 0.38715200258814286 0.5531330619372028 
0.19493893868665013 0.7235418726408057 , 0.33823404583508054 0.5014340762378544 , 0.3979610972575035 0.5372683639151734 
0.19245960426280356 0.7314715364404046 , 0.33401050910980734 0.510609351476597 , 0.4046639684066233 0.5201634248768319 
0.1912942469394347 0.7377316386817119 , 0.33296137302012146 0.5212985325718291 , 0.406878461819678 0.5032141415402925 
0.19137227589978348 0.7423469707362378 , 0.3349731929653996 0.5320910067538913 , 0.40478861291405105 0.48780633530370443 
0.19266308934152407 0.7453253703474892 , 0.3394795609519204 0.5418833430433901 , 0.3989914314857897 0.4750355994029541 
0.19516250870158555 0.7466640906829782 , 0.3457028915888904 0.5499426370275305 , 0.39026868148875815 0.46563758508332476 
0.1988824870275116 0.746350254571101 , 0.35282571157260545 0.555838456435946 , 0.379425883179117 0.46005560178678656 
0.20384448757437496 0.7443563607684935 , 0.36006604459922475 0.5593464441068056 , 0.3672235496056343 0.4585415079185345 
0.21007642520889783 0.7406318327300417 , 0.3666866193886899 0.560375524099318 , 0.35437103718164625 0.4612369559644739 
0.21761263698432318 0.7350907137859437 , 0.3719684669427876 0.55893324157699 , 0.34155297785212313 0.46822035743089996 
0.22649629190314707 0.7275939621191145 , 0.3751684182808288 0.5551354498449185 , 0.3294693715952581 0.4795149008298006 
0.23678395609047576 0.7179222331738935 , 0.37547851425493817 0.5492765372958833 , 0.31887161143382 0.49504554232405673 
0.24855251314759377 0.7057307757418514 , 0.3720280474596556 0.5419916297201212 , 0.3105535211719845 0.5145219073318611 
0.2619085533428271 0.6904710656580001 , 0.36402940683702634 0.5345175222279083 , 0.3051961215993804 0.5372557249079253 
0.27699467866965993 0.6712585678202042 , 0.3511882070080396 0.5288660041325982 , 0.3029511961015343 0.5621197408410312 
0.29394177201161886 0.6467266906485909 , 0.3341523694441943 0.5274543566012061 , 0.3030399403234207 0.5880632655440367 
0.3124352472226748 0.6155938939241552 , 0.3143924899385574 0.5323347600409277 , 0.3043063446180016 0.6143156588287507 
0.33021282315066786 0.5805569353990343 , 0.29408154734113134 0.544750064930171 , 0.3068397112874346 0.6369373124646284 
0.343978394226462 0.5464909100898196 , 0.27682947557859783 0.5633170596294556 , 0.310326211974174 0.6524363430745584 
0.35300482170410963 0.5165294717037948 , 0.2645823989488278 0.5843344204072697 , 0.3135468611262963 0.6613804206827691 
0.35872433694778827 0.49105622712431446 , 0.2569424444538738 0.6064351369478749 , 0.3154673003775716 0.6647529487216443 
0.3622947557699845 0.4694653144777701 , 0.25363119590759436 0.629340431809747 , 0.3152081301016548 0.6634385665063165 
0.3643879805160107 0.4511683668996116 , 0.25474115731093755 0.6525594898354492 , 0.3120049439522854 0.6585164560587728 
0.3653827421442776 0.4357335581086185 , 0.2602787328327721 0.6748798723979096 , 0.3054726068021839 0.6516308822873056 
0.36549162583613 0.42285319290302587 , 0.26949845428299335 0.6944603307517389 , 0.29614400166011023 0.644930789139069 
0.36483492552990693 0.4122982622345241 , 0.28082107212177826 0.7098032635531103 , 0.2854780841275483 0.6401427870061993 
0.3634878303071234 0.40388966023513034 , 0.29264534398199105 0.7204388226041148 , 0.2750009074901191 0.6379158299545885 
0.3615072385073489 0.39748680937003783 , 0.30386315623238846 0.7265814736312786 , 0.2657636870394961 0.6381760297925173 
0.35894350507071465 0.39298413578834257 , 0.3137922612220676 0.7286426359601597 , 0.2583983154864512 0.6406175410453314 
0.35584455892244177 0.3903093268634331 , 0.32197956685176754 0.7270108223979187 , 0.25330995600502415 0.6449241635324818 
0.35225726784394684 0.38942211093606444 , 0.32805865286966096 0.7220004113052544 , 0.2508181610656256 0.6508217905525149 
0.34822810982627267 0.3903140151577438 , 0.3316628294930483 0.713868203419311 , 0.25124314245991236 0.6580620942167789 
0.3438037080330979 0.39300982526798356 , 0.33237463649262144 0.7028693108238218 , 0.254955737253514 0.6663651767020282 
0.33903103854105027 0.39757148860151564 , 0.3297248779543934 0.6893737736803692 , 0.26237816528378965 0.6752990505119486 
0.33395646658528494 0.4041051441301704 , 0.32334104986399465 0.674098368996259 , 0.27383656532995376 0.684040799667404 
0.32862198728140113 0.4127712523923694 , 0.3134803121532189 0.6584012534056739 , 0.28903178234461324 0.6910718069957902 
0.32305766584013584 0.4237956219060806 , 0.3017598249688537 0.6439868404213088 , 0.3063165909702438 0.694461850466444 
0.3172751630320696 0.4374798443383614 , 0.2905115805308874 0.6316157464320171 , 0.3233473382162763 0.6931487220234549 
0.31127067733173075 0.4542217810764924 , 0.2813264936472329 0.6208170580520141 , 0.33853691080026965 0.6872054736653268 
0.3050365574369567 0.4745612550688424 , 0.2749690009644261 0.6106498488245848 , 0.3511285233778505 0.6770332089004061 
0.2985832013706935 0.4992508224628114 , 0.2718586001598696 0.6000973868721365 , 0.36069228024867017 0.6628961034588854 
0.2920025275127812 0.5292794611341396 , 0.2723869336653857 0.5881498244342165 , 0.36674462060106633 0.6448150272254772 
0.2857370363937489 0.5652670767531467 , 0.2769878901840877 0.5743137504141655 , 0.3684091552013966 0.6226634856265211 
0.281511855420039 0.6041480734191644 , 0.2855140402170014 0.5612180577562816 , 0.36410818614219287 0.5968781816183872 
0.2813644378512811 0.6393732215782579 , 0.2971402235114428 0.5529937501001762 , 0.3526294204165093 0.5698773411153992 
0.2844233808045187 0.6684593535481265 , 0.31168874540994307 0.54952726232 , 0.3350219555647715 0.5442576969257069 
0.28925747913937994 0.6918635935898294 , 0.32768932675312396 0.5486050739205356 , 0.31418727588672934 0.5217756452834684 
0.29507989302895354 0.710602838202105 , 0.3418323994999868 0.5478285880361307 , 0.29422178925029285 0.5038128865555977 
0.3015097722508244 0.7254962420219454 , 0.35254850282228706 0.5465916458406076 , 0.27707580670612164 0.4901564249312805 
0.30833714531712575 0.737102446704873 , 0.3598139045203585 0.5450781046836458 , 0.2629830319417489 0.4800637614053146 
0.3154239115526024 0.7457891898780724 , 0.36394191460185005 0.5435140446380194 , 0.2517682556247806 0.4729410782777416 
0.3226635175319113 0.7517943164749484 , 0.36522403299154416 0.5420530308785717 , 0.2432465312557776 0.4683969654403133 
0.3299615631912407 0.7552647347146006 , 0.3638710302988597 0.5407868718924481 , 0.23730148828913264 0.46619270618678466 
0.3372239809818886 0.7562798905465493 , 0.3600149429739915 0.5397616102661293 , 0.23389515782335288 0.4662028119811547 
0.3443476573769908 0.7548658405912042 , 0.3537174474344942 0.538983528113567 , 0.23306897696774798 0.46839494408906224 
0.3512110918764981 0.7510038681010136 , 0.3449740686863114 0.5384143042067433 , 0.23494892121642344 0.4728261404860765 
0.3576637316117116 0.744636234013035 , 0.33371481517029267 0.5379544016355792 , 0.23975553499722868 0.4796536771452193 
0.3635133466413548 0.7356708349231492 , 0.31981486954284893 0.5374152359520145 , 0.24780586559502915 0.4891582419186698 
0.3685119889015768 0.7239851694912506 , 0.30318519237379216 0.5365046031600801 , 0.2594369005038639 0.5017545401425028 
0.3723428406310361 0.7094251791265122 , 0.2842395651983571 0.5349886670294101 , 0.27455167594983965 0.5178304666379113 
0.37460827203972885 0.6917809529654673 , 0.2652117740662102 0.5335011136299925 , 0.2913140356732938 0.5369622461983738 
0.3747940053900104 0.6707130933049796 , 0.2496174623439382 0.5338789523592709 , 0.3067226140452842 0.5576522671295833 
0.37214193100204157 0.6456917456601186 , 0.23887400490595606 0.5371820323405389 , 0.3201181458712352 0.5793705347931762 
0.36546900204046034 0.6163253929506622 , 0.23308618617222465 0.5435585069916388 , 0.33257889356654785 0.6023604128515327 
0.3538230401771486 0.5845690373267582 , 0.2323121296988875 0.552806143100867 , 0.3449989119031967 0.6248691323662084 
0.33854337465867207 0.5552286464706411 , 0.23689387323282174 0.5643684707266775 , 0.35569683388773904 0.6426471955965151 
0.3204932713623925 0.529840770986824 , 0.24721915578787876 0.577105936983495 , 0.3634216546289616 0.6552976048235146 
0.3002429175403457 0.5092153812612563 , 0.26296166079551964 0.5893537354579367 , 0.36792950344336744 0.6636751960746406 
0.2793224277160414 0.49401059603498776 , 0.2826999226782026 0.5999492106750918 , 0.3691117313849888 0.6682845060837541 
0.25935346596932807 0.48386448390993314 , 0.30495266659889225 0.6091957921991127 , 0.36682794921101247 0.6691840366847878 
0.24118225529751197 0.4778265489419154 , 0.3289105100150738 0.6183441137047107 , 0.361041316466647 0.6660736501472075 
0.22504151893802013 0.4750153563642262 , 0.3537497764844007 0.6286609867566373 , 0.352342786356812 0.6585679696729702 
0.21091444905501283 0.4748234535711286 , 0.3773200843286445 0.6402400500057245 , 0.34289954839557546 0.6471808092169805 
0.1987569220744172 0.4768908111555922 , 0.3969962889932437 0.6514051607052024 , 0.3353808707115719 0.6339483409330391 
0.18858880576031897 0.48100814413107157 , 0.41211269673259426 0.6607529381996494 , 0.3304325792863195 0.6204832304631127 
0.1805032976043059 0.48703042938096325 , 0.42313036311234903 0.6678318471360212 , 0.3275004210625778 0.6073820362768493 
0.1746529269663538 0.4948275584155184 , 0.4306204781124705 0.6725961538678007 , 0.32586067670040847 0.5948206005105147 
0.17123660015740358 0.5042585496891853 , 0.4350223205749044 0.6751026583046967 , 0.32487516104692477 0.5828831047999518 
0.1704915578379383 0.5151565119535327 , 0.4366347979000269 0.6754131982587473 , 0.3240077260412676 0.5716746025815537 
0.17269014840536467 0.5273173349926598 , 0.4356404111281559 0.673566784474299 , 0.32280352224571224 0.561360193326875 
0.17814090258140006 0.5404874246434864 , 0.4321213833053902 0.6695713403734859 , 0.3208717958924425 0.5521855477768616 
0.18719270457324003 0.5543459596448833 , 0.42606152652932444 0.6633995259414052 , 0.3178798506766683 0.5444988272075454 
