0.5685825144597136 0.014482921551178696 , 0.47223993304596334 0.8566952772568732 , 0.1664467731171142 0.21182174620083738 
0.5626280684411304 0.029099576112819762 , 0.48492498657186145 0.8498460702786708 , 0.15971616560979926 0.20405429861739882 
0.5562193629583538 0.04405089328922607 , 0.4975399877912803 0.8426875115576983 , 0.15350986987315698 0.19626154016196495 
0.5493330535070615 0.05933046340924335 , 0.5100809338587421 0.8352168716104689 , 0.14785523325698754 0.1884526099891771 
0.5419454927452044 0.0749300659281382 , 0.5225434978578157 0.8274302463946351 , 0.14278023001977094 0.18063963268611596 
0.5340330137102093 0.09083936043549837 , 0.5349228364458606 0.8193224768615199 , 0.13831337046672124 0.17283810771187103 
0.5255723265435994 0.10704552881586554 , 0.5472133660895708 0.8108870801571578 , 0.13448352798962082 0.16506733603586596 
0.5165410598097756 0.12353286710540853 , 0.5594085016208856 0.8021162006919371 , 0.13131965919212985 0.15735087721154364 
0.5069184812662265 0.14028232909872332 , 0.5715003511263688 0.793000593906649 , 0.12885038823019573 0.14971702200351694 
0.49668643388660133 0.1572710292825696 , 0.5834793629438089 0.7835296616512021 , 0.1271034237923809 0.14219925407511758 
0.4858305181506573 0.17447172076862869 , 0.5953339248433196 0.7736915656401219 , 0.12610477762881425 0.13483665860013874 
0.4743415368537899 0.19185227500806296 , 0.6070499238021999 0.7634734538720745 , 0.12587775996680134 0.12767421612875174 
0.4622171885502307 0.20937520428880652 , 0.6186102889131779 0.7528618425172087 , 0.12644174315938247 0.12076289820287406 
0.4494639447989348 0.22699728475433834 , 0.6299945613906955 0.7418431991027274 , 0.1278107144331607 0.11415946115182343 
0.4360989720274372 0.24466935528203476 , 0.6411785642705533 0.7304047659893347 , 0.1299916843248005 0.10792582373751979 
0.42215186638122415 0.2623363828968667 , 0.6521342762802694 0.7185356381520621 , 0.13298307796129738 0.1021279239599604 
0.4076658790902463 0.27993789352259435 , 0.662830038894569 0.7062280585826769 , 0.13677330263797566 0.09683399290361792 
0.3926982586952519 0.29740886072819284 , 0.6732312243180527 0.6934788170545153 , 0.14133973760948645 0.09211226722618099 
0.3773193751126317 0.3146811157429529 , 0.6833014429972842 0.680290547521628 , 0.14664840251287506 0.08802828174430827 
0.361610457823327 0.3316852806513095 , 0.693004259897585 0.6666726509075659 , 0.15265450290187899 0.08464201345001371 
0.34566006733671045 0.3483531311809163 , 0.7023052356116108 0.6526415713238556 , 0.1593039176744696 0.08200524250411723 
0.32955974374560315 0.3646201804895356 , 0.71117396615869 0.6382202580856077 , 0.1665355107184978 0.08015950643374584 
0.3133995061253497 0.3804281781316504 , 0.7195857377514757 0.6234368376645091 , 0.1742839767459655 0.07913492921272963 
0.2972639021893104 0.3957271873468131 , 0.7275224851525502 0.6083227261842737 , 0.18248283328093023 0.07895003147780223 
0.2812291176525708 0.4104769682628395 , 0.7349729221160146 0.5929105424950761 , 0.1910671808542055 0.07961243425097345 
0.26536134506306597 0.4246475386232688 , 0.7419319188114681 0.5772321834867026 , 0.1999759567482568 0.0811202228989177 
0.2497163184069672 0.4382189512607142 , 0.7483993483244061 0.5613173165428507 , 0.20915355389141757 0.08346367720532426 
0.23433973661338456 0.45118045749177776 , 0.7543786723785197 0.5451923946475464 , 0.21855081163088658 0.08662709286956492 
0.2192682445852604 0.4635292851249062 , 0.7598754999201512 0.5288801717004039 , 0.22812547611737918 0.09059048818357904 
0.2045306783706214 0.4752692526470922 , 0.7648962736629924 0.5123996208009781 , 0.23784226858917704 0.09533107156081887 
0.19014936056036227 0.4864093930307474 , 0.7694471587557712 0.4957661356635507 , 0.2476727013066574 0.10082441631459108 
0.17614131416705445 0.4969626995157106 , 0.7735331463743983 0.47899190733255376 , 0.2575947600813381 0.10704533816062482 
0.16251932869269686 0.5069450507645332 , 0.7771573484654122 0.46208639596254375 , 0.26759254346468175 0.11396849828181224 
0.14929285621525784 0.5163743322605214 , 0.780320443908861 0.4450568474552178 , 0.27765592049867194 0.12156876529315 
0.13646874109980847 0.5252697453991615 , 0.7830202341457915 0.42790883074138764 , 0.2877802453771908 0.12982136886834006 
0.1240517996595519 0.5336512824336442 , 0.785251271899436 0.4106467916610661 , 0.29796614906380287 0.13870187091417885 
0.11204527065763825 0.5415393404134263 , 0.7870045362186963 0.39327463430712395 , 0.3082194137464563 0.14818597028833896 
0.10045115758247845 0.5489544471428665 , 0.7882671389457324 0.3757963516720998 , 0.3185509240945799 0.15824914619392294 
0.0892704815100952 0.5559170745541344 , 0.789022061670786 0.358216735573901 , 0.3289766774419096 0.16886613488085375 
0.07850346048927735 0.5624475181797878 , 0.7892479391529418 0.3405422014723539 , 0.33951782098057176 0.18001022535674743 
0.06814962852102918 0.5685658247339495 , 0.7889189265144542 0.3227817660769105 , 0.3502006655873075 0.19165235419802915 
0.05820790475269471 0.5742917527212748 , 0.7880047147487201 0.3049482120764811 , 0.361056601121376 0.20375998021113323 
0.04867662166967662 0.5796447533250537 , 0.7864707927813958 0.28705946018168865 , 0.3721218061717184 0.21629573150214668 
0.03955351994778828 0.5846439605910988 , 0.784279092378337 0.26914013669562165 , 0.38343660829666554 0.22921584772216863 
0.030835717281723917 0.5893081812557323 , 0.7813891869375582 0.25122326582338816 , 0.39504431640350873 0.24246849792976863 
0.022519658936225536 0.593655875699415 , 0.7777602296328378 0.23335192182420694 , 0.40698933205372756 0.25599214748526705 
0.014601058891280175 0.5977051227720179 , 0.7733537813389896 0.21558054753693634 , 0.4193143803925211 0.2697142746999347 
0.007074842014721733 0.6014735630301994 , 0.7681375560903546 0.19797550522904328 , 0.43205682251771454 0.28355087674964624 
-6.490082278564485e-05 0.6049783176373529 , 0.7620898714588447 0.18061433188439383 , 0.4452442499867319 0.29740729548714223 
-0.0068249321842911576 0.6082358840027545 , 0.7552042476327622 0.16358321979209367 , 0.4588899051743199 0.31118084121404077 
-0.013212850812749212 0.6112620139506431 , 0.7474932537694076 0.1469725302941148 , 0.47298881766613254 0.3247654007641311 
-0.019237030292910757 0.6140715849607312 , 0.7389905462982526 0.13087068412883962 , 0.4875157046174491 0.3380576759193181 
-0.02490651259494941 0.6166784784143444 , 0.7297502761170733 0.11535739523938784 , 0.502425457100667 0.3509640713551567 
-0.03023086308278605 0.6190954793975003 , 0.7198436888456187 0.10049761563419744 , 0.5176563948599582 0.3634068499771912 
-0.03522000026039559 0.6213342098182647 , 0.7093535620480363 0.0863374645243959 , 0.53313565883515 0.3753282706662283 
-0.03988401716364151 0.6234051010812146 , 0.6983677159811208 0.07290282139195751 , 0.5487855218053115 0.3866920225357168 
-0.044233010933143344 0.6253174061134307 , 0.6869729249068552 0.06020046956090221 , 0.5645293066490789 0.39748206933455604 
-0.048276933381163345 0.6270792451202 , 0.6752501807421885 0.0482210669953444 , 0.5802959732617656 0.40769963289334454 
-0.05202547000815858 0.6286976762844807 , 0.6632716901594976 0.03694299931359185 , 0.5960230004714516 0.41735926941081636 
-0.05548794971456723 0.6301787818591674 , 0.6510994986986663 0.026336292536624707 , 0.6116576716386916 0.42648487061309676 
-0.0586732835230168 0.6315277611089863 , 0.6387853649414199 0.016366053255985346 , 0.6271571392043876 0.43510613064391723 
-0.06158992831100366 0.6327490234685614 , 0.6263714424065177 0.006995197518261227 , 0.6424877065272767 0.4432557240220662 
-0.06424587063721084 0.6338462773710238 , 0.6138913867819629 -0.0018135580361703842 , 0.6576237044780386 0.45096722567403535 
-0.06664862578629205 0.6348226120345216 , 0.6013716126537543 -0.01009635213235792 , 0.6725462337553285 0.45827368510672506 
-0.06880524772661499 0.6356805708995185 , 0.5888325276839446 -0.017887347217648994 , 0.6872419406654611 0.4652067213270193 
-0.07072234645326661 0.6364222163814192 , 0.5762896525272195 -0.02521827508196519 , 0.7017019145488377 0.47179600370943475 
-0.07240610997816148 0.6370491862129194 , 0.563754588652839 -0.032118244426301235 , 0.7159207419481131 0.4780690032222706 
-0.07386232893089004 0.6375627419917398 , 0.5512358283846867 -0.03861372068168724 , 0.7298957211689939 0.48405092369883623 
-0.07509642231142709 0.6379638107073805 , 0.5387394183807522 -0.04472861249852994 , 0.7436262245534654 0.4897647468000382 
-0.07611346338743782 0.6382530200622267 , 0.5262694950893003 -0.05048441913608551 , 0.757113188920928 0.4952313440827475 
-0.07691820506944037 0.6384307283757475 , 0.5138287125313921 -0.055900408035514985 , 0.7703587131608388 0.5004696246686561 
-0.07751510434669698 0.6384970497978292 , 0.5014185817265707 -0.060993802730686414 , 0.7833657432429167 0.5054966979417458 
-0.07790834554540503 0.6384518754788487 , 0.4890397387943137 -0.06577996881574903 , 0.7961378273738817 0.5103280383457888 
-0.07810186229594197 0.638294891262138 , 0.4766921561151532 -0.07027259079876774 , 0.8086789268035792 0.5149776445455182 
-0.07809935818169318 0.6380255923858265 , 0.46437530837373836 -0.07448383603150464 , 0.8209932704307452 0.5194581886545667 
-0.07790432609931378 0.6376432956091129 , 0.4520883030312703 -0.07842450405531874 , 0.8330852436908338 0.5237811534550944 
-0.07752006639740987 0.6371471491141619 , 0.4398299828494376 -0.08210416103381273 , 0.8449593041707626 0.5279569569285393 
-0.07694970388367944 0.6365361404792393 , 0.4275990065060865 -0.08553125973009398 , 0.8566199180003832 0.5319950642597431 
-0.07619620380397689 0.6358091029709495 , 0.4153939120677445 -0.08871324592011998 , 0.8680715123590226 0.5359040879580589 
-0.0752623869037603 0.6349647203627633 , 0.40321316706918237 -0.09165665234187645 , 0.8793184404573681 0.5396918769880016 
-0.07415094368523246 0.6340015304525921 , 0.39105520814911154 -0.09436718134856603 , 0.890364956158911 0.5433655959048623 
-0.0728644479738132 0.632917927423122 , 0.37891847256231637 -0.09684977741873362 , 0.9012151960342869 0.5469317950045 
-0.07140536990652253 0.631712163164201 , 0.3668014233967594 -0.09910869061370801 , 0.9118731671325532 0.5503964724583953 
-0.0697760884532111 0.6303823476560835 , 0.3547025699405378 -0.10114753198608178 , 0.9223427391354634 0.5537651293388866 
-0.06797890357990563 0.6289264484951872 , 0.3426204843447509 -0.10296932184664319 , 0.9326276398579448 0.5570428183603442 
-0.06601604816223808 0.6273422896297133 , 0.3305538154959458 -0.10457653169997577 , 0.9427314532890824 0.5602341870791506 
-0.0638896997562742 0.6256275493606169 , 0.31850130083136136 -0.10597112056592642 , 0.9526576195477029 0.5633435162141975 
-0.06160199233425583 0.6237797576536612 , 0.30646177669041613 -0.10715456631804157 , 0.9624094362666298 0.5663747536732684 
-0.05915502809397084 0.6217962928003982 , 0.2944341876880092 -0.10812789259214943 , 0.9719900610287516 0.5693315448006393 
-0.05655088945278905 0.6196743774597053 , 0.282417595512437 -0.10889169174890627 , 0.981402514563142 0.572217259298089 
-0.053791651340953296 0.6174110741068488 , 0.2704111874878285 -0.10944614431319932 , 0.9906496844759147 0.5750350152152385 
-0.050879393913589255 0.6150032799138747 , 0.25841428519392057 -0.10979103526041324 , 0.9997343293424586 0.5777877003554265 
-0.047816215807187604 0.6124477210834487 , 0.24642635340161528 -0.10992576747421538 , 1.0086590830283622 0.5804779913996547 
-0.04460424807411336 0.6097409466581211 , 0.23444700955869596 -0.10984937266217645 , 1.0174264591382072 0.5831083710129434 
-0.04124566893810803 0.6068793218285005 , 0.22247603404448926 -0.10956051998374428 , 1.0260388555164086 0.5856811431641319 
-0.037742719524872015 0.603859020767156 , 0.21051338140375087 -0.10905752261944412 , 1.034498558743911 0.5881984468611762 
-0.034097720734751 0.6006760190204891 , 0.1985591927675529 -0.10833834249041632 , 1.042807748589988 0.5906622684788153 
-0.03031309143940012 0.5973260854986479 , 0.18661380967164856 -0.10740059332337899 , 1.0509685023905415 0.5930744528336193 
-0.026391368201153675 0.5938047741142422 , 0.17467778949006008 -0.1062415422478266 , 1.0589827993338836 0.5954367131424726 
-0.022335226732754062 0.5901074151346793 , 0.16275192271298775 -0.1048581101099094 , 1.0668525246425564 0.5977506399841183 
-0.018147505336124196 0.586229106331064 , 0.1508372523131644 -0.10324687069132718 , 1.07457947364575 0.6000177093691514 
