0.6657056081324046 0.24726404596424212 , 0.3587671399413269 0.2989639070347494 , 0.6155137510532522 0.5385451869965658 
0.6672293302574185 0.24198546087853828 , 0.3614921072096557 0.30655048083829645 , 0.6112650616599096 0.5362371982787226 
0.6677096278029206 0.23782417395668481 , 0.36564697462640455 0.31447307321006973 , 0.6066298966976587 0.5324758928288028 
0.6671367493188245 0.23480565251875288 , 0.3712765922882889 0.3227317034722263 , 0.6015731575198704 0.5272357840045782 
0.6654896666614547 0.2329719149403646 , 0.3784507424604702 0.3313351596265746 , 0.5960460900050589 0.5204660654286182 
0.662734129459778 0.2323845151638537 , 0.38727092903801236 0.34030255882629024 , 0.5899814406291934 0.5120860660054134 
0.6588197881016022 0.2331293540137963 , 0.39788141744731603 0.3496663309100882 , 0.5832852935780656 0.5019774550716728 
0.6536758685126194 0.23532421160122513 , 0.41048755576828827 0.3594773231013656 , 0.5758230748460762 0.48997160529296657 
0.6472045570594831 0.2391305589248411 , 0.4253871307735702 0.36981283944611854 , 0.5673948112939305 0.4758297416245976 
0.6392706646859915 0.2447723281162726 , 0.44302503886251426 0.38078636659770404 , 0.5576907955784781 0.4592144452815806 
0.6296851407646824 0.25256597272201725 , 0.4640806143685407 0.3925396508485961 , 0.5462207439937607 0.4396675164249439 
0.6181788438847899 0.2629668051530513 , 0.4894968284443106 0.40506886961633376 , 0.5323108267978833 0.41673746522617217 
0.6043659678556266 0.27662433228245864 , 0.5194555614992181 0.4170834561115144 , 0.5161649697721391 0.39106535160158423 
0.587731371082434 0.29436967398149216 , 0.5503125095783002 0.42476481756637097 , 0.5019426184662495 0.3656386484476941 
0.5677628044501227 0.31695934978385926 , 0.5795238517247726 0.42675505308387746 , 0.49269984295208835 0.34105873712782053 
0.5445146520813617 0.3440370096602222 , 0.6061673719211154 0.4232410708547914 , 0.4893044751245066 0.31749505948054363 
0.5200108937682641 0.372253703187906 , 0.6288461241796022 0.41531618585458 , 0.4911294811791174 0.2972032509530712 
0.4971233791130015 0.39809893545273645 , 0.6469928294785419 0.40488250895121053 , 0.4958702905354404 0.28179169559161027 
0.4767582604263775 0.420837335606453 , 0.6611449063143096 0.39316222040684407 , 0.5020833323862967 0.2707735839822602 
0.4587593766069358 0.440798425349235 , 0.6719392985802113 0.38064857909001315 , 0.5092878239398365 0.2633261355563091 
0.4427921688209253 0.45842084238945 , 0.6798033099113968 0.3675115019593982 , 0.5173910203946614 0.25884079564670903 
0.4285640959868061 0.4740649551864491 , 0.6849649186928208 0.3537946990966917 , 0.5264574844473566 0.25691348571241646 
0.4158501989642746 0.48800563244309964 , 0.6874922194045189 0.3394901349267186 , 0.53664408075819 0.257277372625739 
0.4044814877419346 0.5004523371102124 , 0.6873102004163515 0.3245701768454238 , 0.5481948109686974 0.25975062603992105 
0.39433037319015674 0.5115679460797048 , 0.6841922873708554 0.30901389866611434 , 0.5614638385659714 0.2641912952497381 
0.3852988252537204 0.5214828069687438 , 0.6777349381385982 0.29285944807776965 , 0.5769527357346649 0.27043088494904377 
0.37730906323106533 0.5303048515403583 , 0.667369071238964 0.27635213161550864 , 0.595308364656954 0.27811615683969027 
0.37029556731160485 0.5381266759437684 , 0.6526971893477437 0.26034095094015774 , 0.6169937424676349 0.28630551311163116 
0.3641975806177677 0.5450293478641591 , 0.6348776949319093 0.2467249938661363 , 0.6409112235773065 0.2930187982652619 
0.35895415022541893 0.5510813114685528 , 0.6171284546771083 0.2369704134048031 , 0.6639038942244562 0.29672141512220146 
0.3545064889849641 0.556334976608346 , 0.6013921372435665 0.23066429457064766 , 0.6840878728984527 0.29777386881656365 
0.3508029246415202 0.5608276665621988 , 0.5879766143805395 0.2269478651655057 , 0.7012069601049237 0.2969976082678527 
0.34780075250843 0.5645849785435691 , 0.5766969002117783 0.22519419503952373 , 0.715488846406775 0.29499396641246434 
0.34546601189967574 0.5676236630344054 , 0.567312004975258 0.2250008111278645 , 0.7272084822520496 0.29214866583328736 
0.3437726542203689 0.569953567014569 , 0.5596212420613251 0.22610604252638986 , 0.7365926028452894 0.2887135304545983 
0.34270170873644773 0.5715788650261057 , 0.5534744302005127 0.22833235333489618 , 0.743810360190023 0.2848619216345553 
0.34224063247921604 0.5724988163307055 , 0.5487650657044987 0.23155332187763916 , 0.7489808009432687 0.28072100178721243 
0.3423828855115764 0.5727082093529122 , 0.5454223888553816 0.23567417650806158 , 0.7521812247600254 0.2763907541345833 
0.3431277311627333 0.5721975944714295 , 0.5434054943132646 0.24061956978185312 , 0.7534532736509856 0.2719559757422745 
0.3444802544929627 0.5709533698355486 , 0.5426997548326121 0.246325054774797 , 0.7528064898014086 0.2674947153852116 
0.34645159679337423 0.5689577655485456 , 0.5433153204542859 0.252730153860507 , 0.7502195818793234 0.26308522058650446 
0.3490594101331961 0.5661887638858365 , 0.5452874933584584 0.25977149814225675 , 0.745639595635329 0.2588128779674639 
0.35232853877633297 0.5626199940333855 , 0.5486788867710652 0.2673745502629955 , 0.7389790735795853 0.2547785956991762 
0.3562919279671151 0.5582206464737306 , 0.5535832437508107 0.2754419422145257 , 0.7301113274090577 0.2511105513073009 
0.3609917354935675 0.5529554587126415 , 0.5601302425052035 0.2838352800361463 , 0.7188645211282125 0.2479824012467695 
0.36648056143973756 0.5467848123780303 , 0.5684883847144918 0.29234500680366204 , 0.7050175529727541 0.2456433208138649 
0.37282259585229877 0.5396648988395367 , 0.578855398554586 0.3006394528418542 , 0.6883085047200987 0.24446878831416635 
0.3800943122019142 0.5315476159285818 , 0.5914011149235979 0.30818324245162626 , 0.6684910720014714 0.2450422816153493 
0.38838424001817434 0.5223790279115185 , 0.6060616804468509 0.3141436398435314 , 0.6455405786619582 0.2482504722405075 
0.39779196025735714 0.5120933291741232 , 0.6220105308674216 0.31746880937704924 , 0.6201840080022047 0.25521100144438497 
0.4084293630436924 0.5005965608513618 , 0.6371185243021148 0.3176193990539856 , 0.5944386117811763 0.26655718009020996 
0.42043204966895453 0.4877353997822214 , 0.6489925357065865 0.3154411698980694 , 0.5705619137514424 0.28159657031526664 
0.43398526185531044 0.47325308219661666 , 0.6565987260920625 0.3123933419167256 , 0.5494025111796106 0.2991267158822153 
0.4493589801983109 0.45672499863264476 , 0.6599523362707232 0.3095737314023841 , 0.5306751826579494 0.31847440996052867 
0.46694200057123614 0.4374472428741916 , 0.6593529310608334 0.3076593769318673 , 0.5136915674949141 0.3396665201894986 
0.48717490719721135 0.41431630396549013 , 0.6550453748146372 0.30710200873351506 , 0.497766217115135 0.36335482729655233 
0.5096632474517417 0.3866601738046197 , 0.6470900597214374 0.30827537997841853 , 0.48323319195380443 0.38983758621251935 
0.5318626129929577 0.3580952277546874 , 0.6352327126990672 0.3115432412733253 , 0.4728911734349587 0.4151346709675449 
0.5543292904916548 0.33081839913217626 , 0.6187942478246976 0.3171725134886313 , 0.46686296081063117 0.43678222737475003 
0.5787669806082006 0.3049062704756376 , 0.5971297672946682 0.3247557012109471 , 0.4640897512241147 0.45511116830897286 
0.6036831586789371 0.28231656536403293 , 0.5724053476561275 0.33193301278366133 , 0.46389799279191896 0.4705235618478633 
0.6257476849680665 0.26404792912562147 , 0.5483803997880617 0.33759650357118426 , 0.46585841437085523 0.48312870729875185 
0.6446780633442568 0.2490364664309465 , 0.5257131814944208 0.34287526154705983 , 0.4695952542883059 0.49286141201755124 
0.6610674017703159 0.236363155273695 , 0.5042003323000277 0.34881440405298325 , 0.47471876505663996 0.4995955806688793 
0.6754455191010511 0.2254683520214435 , 0.4837360876807865 0.35610646824964703 , 0.48080489234514595 0.503198319724467 
0.6881942096550746 0.2160121390242439 , 0.4644088773697027 0.3652012289574673 , 0.48738341210220626 0.5035597720138464 
0.6995817418325745 0.2077801564329069 , 0.44647837817094094 0.37637166736771666 , 0.49392637912346815 0.500621316194934 
0.7097968726735642 0.20063296128584795 , 0.4303491287679683 0.3897249088618223 , 0.499840497685451 0.4944152698478873 
0.7189716924597057 0.19447812168032752 , 0.41653898812494294 0.4051721474147932 , 0.5044758185423348 0.4851228709004369 
0.7271962273651034 0.1892535000296669 , 0.40561853268410153 0.42237479407307643 , 0.5071717390777786 0.47314484589281425 
0.7345281985549882 0.1849159382320619 , 0.39809838115422796 0.4407041149705007 , 0.5073599194177674 0.459153086792995 
0.741000541864909 0.18143257152998818 , 0.39427473330553475 0.4592759807190366 , 0.5047112239565397 0.44406458774653285 
0.746628450718675 0.17877394077651834 , 0.3941061828427355 0.4771008257026437 , 0.4992518655655729 0.4288983735163955 
0.7514165248601881 0.1769093913395278 , 0.39721315244774663 0.49329446575605085 , 0.4913568218190488 0.4145692828999789 
0.7553652852424722 0.17580546922466958 , 0.40300295822058846 0.5072269928658926 , 0.48161825566392286 0.4017406779049954 
0.7584757886579183 0.17542708358889184 , 0.41082723871892257 0.5185469553085025 , 0.4706834717501426 0.39079910109816324 
0.7607517207268654 0.1757401852918273 , 0.42008959127941553 0.5271195147966844 , 0.45914518712070257 0.38191343990704585 
0.7621993481144882 0.17671458384634553 , 0.43028847818947163 0.5329443682146127 , 0.44749867282302364 0.37511418793459933 
0.7628262077166512 0.17832611248899494 , 0.44101816580384606 0.5360899314480104 , 0.4361421256064862 0.37035709605855216 
0.7626393180982752 0.18055799172896986 , 0.45195174761183915 0.5366510944433497 , 0.42539543341686914 0.36756405382323803 
0.7616433626457748 0.18340159659035446 , 0.46282006872544873 0.5347256455351681 , 0.41552306775576 0.366645897870035 
0.7598389870717162 0.18685692681136262 , 0.47339212133730135 0.5304028159423564 , 0.40675539071796607 0.36751339724183857 
0.7572211570276444 0.19093304631401334 , 0.48345821677527023 0.5237591976908622 , 0.3993071253240689 0.370080895990682 
0.7537774094500682 0.19564869539681126 , 0.49281555662531 0.5148594516567572 , 0.3933935330516053 0.3742649929419891 
0.749485753549826 0.201033226169866 , 0.5012554309190996 0.5037610528840792 , 0.3892453146580578 0.3799788609416123 
0.7443118900030409 0.20712797017862 , 0.5085515976305431 0.49052399949783343 , 0.38712301149339945 0.3871211703191041 
0.7382052861942021 0.21398809195430019 , 0.5144505617213906 0.4752283515631762 , 0.3873306512113907 0.3955566964780811 
0.7310934505265387 0.2216848549934096 , 0.5186674062712043 0.4580049576209137 , 0.3902256423292403 0.40508332738123426 
0.7228735092061064 0.23030791091255462 , 0.5208976437182387 0.4390869978330161 , 0.3962153462026383 0.41537823124998685 
0.7134000579395238 0.23996653336568047 , 0.5208688135115056 0.4188869917140722 , 0.40571762767595393 0.42591961491580493 
0.7024687133998011 0.25078757569985427 , 0.5184699806085911 0.39808005227681736 , 0.4190478051185911 0.43590551201888594 
0.6897965880178675 0.2629071688652043 , 0.5139727339992634 0.37761093248675015 , 0.4362171771098524 0.44425503864360316 
0.6750034838235882 0.2764558024290651 , 0.5082223221148706 0.3585021765201953 , 0.4567606931885244 0.44981516104629726 
0.6575960026494048 0.29154473715363893 , 0.5025530448200367 0.34152429851950156 , 0.4798374516575417 0.45170410432241714 
0.6369491602220587 0.3082677106361967 , 0.4984376990569799 0.327061776892857 , 0.5045996398479445 0.449443652466504 
0.61229338304078 0.3267268711857782 , 0.49720644553389626 0.3153222615725298 , 0.5304866705523069 0.4427240072372497 
0.5828544857569209 0.3470828975610374 , 0.4999317316809141 0.3067202906842419 , 0.5572002816891481 0.4309699517502784 
0.5490316758988174 0.3693993464620471 , 0.5071278290639744 0.3022748131695841 , 0.5838269941641913 0.41309898036392645 
0.515503409067716 0.3913866131684029 , 0.5179673282941359 0.30341091397561043 , 0.6065157617651311 0.3899756128515443 
0.4857602305658455 0.4095953009330914 , 0.5308985284905334 0.3104152615976924 , 0.6233277400706041 0.36476257746477386 
0.4599406865564193 0.4239143086240827 , 0.5453670629783561 0.3222096140794842 , 0.6346787495922076 0.3386492172919908 
