0.33985894166228126 0.17495186091645287 , 0.4905996247826757 0.8918968534012024 , 0.5000531993550388 0.12851750648245797 
0.32864936291767477 0.1673098985181029 , 0.5030593849644442 0.8999831024264772 , 0.4988030179178768 0.12807321985553316 
0.319567844171159 0.15935345163098671 , 0.5154784731539698 0.9077386018651973 , 0.49546544847486707 0.12827416730392924 
0.3125780437386322 0.15119239268744117 , 0.5278521645939249 0.9151759677802802 , 0.49008155746743876 0.12899786033239186 
0.3076924913158476 0.1429226923884459 , 0.5401762493069354 0.9223067157884666 , 0.48264302517721286 0.13013681262320081 
0.30497431990232227 0.1346393241898157 , 0.5524468684189775 0.9291414057615341 , 0.47309057747869615 0.13158549084876342 
0.30454351538523056 0.1264501116033353 , 0.564660395832953 0.9356897983940864 , 0.46130785458181234 0.1332263108026916 
0.306587738795483 0.11849516386043284 , 0.5768133600202542 0.9419610165458832 , 0.44711066698425866 0.1349100403937973 
0.31137484176814384 0.11097987891324457 , 0.5889024034599634 0.9479637080632773 , 0.43023452057188866 0.13642263382359143 
0.3192496542973386 0.10423679389957988 , 0.6009242813830618 0.9537062084433031 , 0.41033783011959546 0.1374232184572304 
0.3305344618367571 0.09883835260980416 , 0.6128759078544881 0.9591967000214848 , 0.3871013961087506 0.13733116816882443 
0.3450364602638115 0.09571753526857307 , 0.6247544663280117 0.964443352736748 , 0.36072083920817266 0.13520533279479235 
0.36079739457542004 0.09578753466321843 , 0.6365576010265647 0.9694543881597291 , 0.3331567701980111 0.1301242979771659 
0.3744757987252092 0.09859995235573045 , 0.648283617967408 0.9742379289409149 , 0.3077523491073787 0.12252833950346813 
0.3845659839893552 0.10282307058989044 , 0.6599314516946111 0.9788016487673585 , 0.2860143301160296 0.11374150144286449 
0.3911623211397759 0.1075482986640727 , 0.671500412837181 0.9831525782688592 , 0.2678490318230391 0.1046653438671816 
0.39471421311897514 0.11231222263637486 , 0.6829899687904332 0.987297128787481 , 0.2528075838905877 0.0957568693762576 
0.39562659013412405 0.11687394514718072 , 0.6943996184776933 0.9912411968340684 , 0.2404855571881787 0.08725107881886432 
0.39420139069638765 0.12109113580288945 , 0.7057288328312178 0.9949902776764741 , 0.23058154227239058 0.07928480732074998 
0.3906502205375449 0.12486287850615022 , 0.7169770339716643 0.9985495665364184 , 0.2228845112907868 0.07195377575754494 
0.3851136789732742 0.12810188258506572 , 0.7281435970200705 1.0019240429274674 , 0.2172544898066513 0.06534029528758041 
0.37767577585364576 0.13071859151050025 , 0.7392278654881286 1.0051185384292596 , 0.21360812445822167 0.05952909086035373 
0.36837278859084044 0.132609335070254 , 0.7502291749849349 1.0081377891735053 , 0.21190980222422068 0.05461909655635437 
0.35719770783385796 0.13364426786091888 , 0.7611468819902781 1.0109864741673056 , 0.2121671759758599 0.05073547877188922 
0.3441017218523439 0.1336516888415106 , 0.7719803955118438 1.0136692400616916 , 0.21442964843580822 0.04804529189691147 
0.32899533563084904 0.13239468090869247 , 0.7827292099744161 1.016190712222199 , 0.21878722019473082 0.04678082766922232 
0.31175671741436073 0.12953464835781567 , 0.7933929378154834 1.0185554908070025 , 0.22536211057015185 0.04727608163529549 
0.2922734506006161 0.12457846512633464 , 0.8039713398090151 1.020768128527076 , 0.23426697539036476 0.05001962714670292 
0.2706078384889441 0.11683859260357604 , 0.8144643492345139 1.022833082925206 , 0.24543957807653796 0.05569454527133165 
0.24752695743926553 0.10562572394352028 , 0.8248720798224934 1.0247546297704735 , 0.258112728538237 0.06498586708611992 
0.22532033349547403 0.09129861225512302 , 0.8351947913732529 1.0265367248428094 , 0.26999664093126907 0.07753088370218114 
0.20647832667108612 0.07601437354501389 , 0.8454327785024507 1.0281828645218347 , 0.2786006606264593 0.09116898273326511 
0.19144063006381445 0.06158314398050034 , 0.8555862426025451 1.0296961058111418 , 0.2834848931336365 0.10408697100847161 
0.1796309280215264 0.048682958191677464 , 0.865655260153329 1.0310792253587509 , 0.2852255776251407 0.11560403724968538 
0.170434361678289 0.037470361778597465 , 0.8756398168998188 1.032334861380232 , 0.28443758722188833 0.12556099764128437 
0.16338982076506187 0.027945206016586913 , 0.8855398547912133 1.0334656008832732 , 0.281582090243721 0.13395541390025356 
0.15817207377731712 0.02007723238828346 , 0.8953553138153127 1.0344740268015735 , 0.2769843782073663 0.14081496161025678 
0.15455233677463523 0.013846491231245622 , 0.9050861654668466 1.0353627399790506 , 0.2708732635585143 0.14615698958981746 
0.15236837403694073 0.0092570499510348 , 0.9147324381128046 1.0361343653085433 , 0.26341095365025086 0.14997480554053563 
0.15150454445589714 0.006343415000858399 , 0.9242942350796746 1.0367915475412952 , 0.2547129862644245 0.15223125825796002 
0.15187839413166795 0.005176400954892708 , 0.9337717461910754 1.0373369401199977 , 0.24486162547725285 0.15285287972522327 
0.15343070703154743 0.005871458352412793 , 0.9431652532584602 1.0377731891178974 , 0.23391580550998847 0.15172157332980338 
0.15611602880740172 0.008601650060223096 , 0.9524751297510209 1.0381029135416253 , 0.22192060724157361 0.14866165719826524 
0.15988924091680864 0.013617416419463008 , 0.9617018344921975 1.0383286826325628 , 0.20892069039099007 0.14342012174808774 
0.164678526812629 0.021273664313689863 , 0.9708458986177911 1.0384529902505608 , 0.19498734036957607 0.13563956623586296 
0.17031962855529578 0.03205232624777947 , 0.9799079039365151 1.0384782259253575 , 0.18028423330818538 0.12483566862697673 
0.17638738454053685 0.04650327363410767 , 0.9888884488774475 1.0384066420532565 , 0.16523593238201187 0.11045630511274954 
0.18183531262008085 0.06477458005375944 , 0.9977880955964622 1.0382403189456797 , 0.1508883575834532 0.09235132180067468 
0.18488304082411383 0.08526691194645346 , 1.0066072952634106 1.037981141558884 , 0.13902142971247183 0.07211816729477633 
0.18459989878570554 0.10483993805624653 , 1.0153463268798282 1.0376308293659051 , 0.13056554013446262 0.05289545337796221 
0.18159054201285665 0.12179900962857085 , 1.0240053265562654 1.037191027497946 , 0.12491589723087418 0.03637618367359716 
0.1766949095940582 0.13589676566331582 , 1.0325843727868347 1.0366633750253982 , 0.12123248341910337 0.022806080111399833 
0.17051020005521567 0.14732243504931536 , 1.0410835516776684 1.0360495250119461 , 0.11891801406711208 0.011994260738852357 
0.16342390700916112 0.15631147549645547 , 1.0495029923401766 1.0353511402962925 , 0.11758486645065852 0.003703605007365992 
0.155694243405415 0.16305311073967624 , 1.057842882745487 1.0345698809835313 , 0.11697463964909409 -0.0022567709230934974 
0.14750375642564004 0.16767773232980032 , 1.066103474053402 1.0337073901634075 , 0.11690453532095434 -0.006018901693093742 
0.1389913489338094 0.17026088291642172 , 1.074285078035884 1.0327652803270333 , 0.1172353388303029 -0.007659942443340954 
0.13027234231596013 0.17082796779933485 , 1.0823880602018388 1.0317451213996707 , 0.11785136328219738 -0.007206868398891548 
0.12145286730142918 0.16935592668295757 , 1.090412830118985 1.030648430698013 , 0.11864606837958198 -0.004638136580856536 
0.11264275090678164 0.16577092202039087 , 1.0983598297794017 1.0294766648889373 , 0.11950918511381295 0.00011863389078581917 
0.1039706443350704 0.15994170936938568 , 1.106229520433527 1.028231213977407 , 0.12031160103139876 0.007193297453321392 
0.09560648529163845 0.1516692267345784 , 1.1140223680062693 1.0269133974344022 , 0.12088291250208846 0.01678359663113335 
0.08780031100326718 0.1406775362864371 , 1.1217388269609005 1.0255244628300881 , 0.12097262783582849 0.029164221683588863 
0.08095355949397717 0.1266322387634661 , 1.1293793223373392 1.024065587917723 , 0.12017888396867984 0.04466839411892511 
0.07573651556141976 0.10929813362082084 , 1.1369442300152037 1.022537888394696 , 0.11783102022337262 0.06353019878459734 
0.07313575793278845 0.08919417618860716 , 1.1444338575909885 1.0209424361086286 , 0.1129421502762192 0.08522960850287847 
0.07375819153269708 0.06880521550827252 , 1.1518484373372249 1.0192802943788857 , 0.10490513693007429 0.10728071091295605 
0.07665867522218153 0.0512175565041673 , 1.1591881559225745 1.017552561262368 , 0.09466493465524022 0.12659610303357913 
0.08048352365712744 0.03738365105257373 , 1.166453209664102 1.0157603773813229 , 0.08357503247876678 0.1422221923662177 
0.08444448571253732 0.02702571078233878 , 1.1736438331420942 1.0139048976880956 , 0.07242344694536484 0.15443561232967995 
0.08815891671177722 0.019672668915979193 , 1.180760299987138 1.011987262542797 , 0.06159254910108121 0.16370628934133807 
0.09143080647306084 0.014932554242588263 , 1.1878029132713628 1.010008578695863 , 0.05127804605557289 0.1704250878616631 
0.09414322400259122 0.012519374565366883 , 1.1947719938012555 1.0079699084842284 , 0.04159654799614973 0.17487693775051916 
0.09620999851366482 0.01223468796145355 , 1.2016678690033777 1.0058722645466318 , 0.03263389828295386 0.17725926829202898 
0.09755204484968513 0.013948019987633724 , 1.2084908631398754 1.003716608207682 , 0.024468857810435833 0.17770159260479865 
0.0980832408471557 0.017583087143784332 , 1.215241288977247 1.0015038504022233 , 0.017187235975593615 0.17627928325410672 
0.09769905078777073 0.023109500457934345 , 1.2219194408636485 0.999234854480836 , 0.010893274148577152 0.17302186586134397 
0.09626398761933341 0.030538566405191044 , 1.2285255891632216 0.9969104405457974 , 0.005722189017441325 0.16791721384912597 
0.09359448357776032 0.039921475626268764 , 1.2350599760698902 0.9945313911923869 , 0.0018573061523459514 0.1609133539814587 
0.08943289788304726 0.051346448886176316 , 1.2415228129758047 0.9920984587247218 , -0.00044394505885559125 0.15192131318921628 
0.08340749251092985 0.06492440325715781 , 1.2479142798560448 0.989612374111029 , -0.0008100065669782463 0.14082944343192766 
0.07497971133004741 0.08072725436707985 , 1.2542345276928628 0.9870738581352743 , 0.0012975267770862081 0.12756510829776035 
0.06343798238191622 0.09855955381701828 , 1.2604836860858348 0.9844836352058428 , 0.0065900973322453186 0.11232303177725343 
0.04827604118007091 0.1173037044645358 , 1.2666618800711855 0.981842449051427 , 0.01557384454873989 0.09622006728415171 
0.0305034799432231 0.13436710019924208 , 1.2727692597850861 0.9791510732301391 , 0.02723902607168701 0.08184804737073344 
0.012541070633745259 0.14781537411103698 , 1.2788060287850938 0.9764102980060153 , 0.03916466638115719 0.07114054868306229 
-0.004138853555178495 0.15769844913892847 , 1.2847724380502146 0.9736208969192 , 0.04987818130496012 0.0640468747419862 
-0.01909152900901874 0.16467230717254264 , 1.2906687585878749 0.9707836062274225 , 0.05893453622114002 0.05991030740014944 
-0.03225586855118642 0.1693151068540086 , 1.2964952588891272 0.9678991210575875 , 0.06627237546205549 0.05815199288851858 
-0.043668783454126406 0.17204317445936446 , 1.3022521912424532 0.9649680991064485 , 0.07192835801166945 0.05835494723430164 
-0.053374331269750684 0.17314725595866526 , 1.30793978427793 0.9619911668427243 , 0.07594631279181698 0.06022779799872507 
-0.06139625113056809 0.17283170421793426 , 1.313558239454449 0.9589689262890055 , 0.07834977747611536 0.06356559029317489 
-0.06772887935234163 0.17124187803953886 , 1.319107730127991 0.9559019617011937 , 0.07913291502434681 0.06822238105938214 
-0.07233220521518761 0.16848217924165015 , 1.3245884024467338 0.9527908459091723 , 0.07825556856845003 0.07409319564929226 
-0.07512605396750366 0.164628429073586 , 1.330000377676758 0.9496361462333733 , 0.07563744209074194 0.08110164549315536 
-0.07598091065022244 0.15973770856528455 , 1.335343755783615 0.9464384299238452 , 0.07114892066660376 0.089190082310985 
-0.07470332371614205 0.1538589909511515 , 1.3406186202499994 0.9431982690354992 , 0.06459646926613896 0.09830896081346412 
-0.07101407175107559 0.14705017642550733 , 1.3458250442371167 0.9399162445547266 , 0.055700793313955305 0.10839979981988096 
-0.06452092455288473 0.13941458262177292 , 1.35096309831119 0.9365929493785756 , 0.04406959204169117 0.11935868879976624 
-0.05471071151621668 0.13119090262783 , 1.3560328600151998 0.9332289892766011 , 0.02918961730101334 0.13094632889568364 
-0.0410955583384495 0.1229748877372938 , 1.3610344252979245 0.9298249798971543 , 0.010572898840521403 0.14256635316566676 
