0.3536002873227059 0.1323856198325205 , 0.5464833258602096 0.498233231105614 , 0.015304163861676101 0.008210128738555866 
0.35134995228732147 0.12611405475614765 , 0.5653461119387729 0.4950433794992064 , -0.0013082871815027972 0.01767154542133631 
0.34872284403918524 0.12008720966988351 , 0.5838187540017914 0.4913004491233457 , -0.017153820996385065 0.027441320883461164 
0.3457379660226884 0.1143103731371345 , 0.6019006315754141 0.48704854732002784 , -0.03225082055351092 0.03747005921952805 
0.3424134192075994 0.10878714805471276 , 0.6195930291279843 0.4823282016150273 , -0.04661867129099207 0.047713630006950315 
0.3387661997675396 0.10351970740316581 , 0.6368987649170471 0.47717666573313827 , -0.06027718763999512 0.058132606540386315 
0.3348120785414589 0.09850904652603706 , 0.6538218860340551 0.47162820270884237 , -0.07324618753092244 0.06869173044181096 
0.33056554227724827 0.09375521944380727 , 0.6703674175646499 0.4657143450121516 , -0.08554518279730665 0.07935941522073152 
0.32603978006506806 0.08925755295356494 , 0.6865411560361572 0.4594641323812166 , -0.09719315905663369 0.09010729434190885 
0.32124670171617364 0.08501483625669506 , 0.7023494991587861 0.4529043285191517 , -0.10820842383036822 0.10090981490084361 
0.316196977813441 0.08102548628560349 , 0.7177993053574452 0.4460596180673808 , -0.11860850612629471 0.11174387532370607 
0.31090009364472165 0.07728769028281247 , 0.7328977777997885 0.43895278538001853 , -0.12841009439991857 0.12258850401385935 
0.3053644112310935 0.07379952788997855 , 0.7476523686054143 0.43160487664203867 , -0.13762900279191623 0.1334245751446731 
0.29959723523057474 0.0705590752846997 , 0.7620706997142943 0.4240353468324827 , -0.14628015790027746 0.14423455755950798 
0.2936048797027796 0.0675644939301254 , 0.7761604975349979 0.4162621929564956 , -0.154377600193186 0.15500229279006938 
0.28739273363069373 0.06481410638825491 , 0.7899295390140424 0.4083020748727972 , -0.16193449560014456 0.16571279841563827 
0.2809653237744909 0.062306461463973374 , 0.8033856071902118 0.40017042493719907 , -0.16896315392011116 0.1763520932755179 
0.2743263739315976 0.06004039073790231 , 0.816536454640952 0.3918815475751011 , -0.17547505152795811 0.18690704136368694 
0.26747886003963517 0.058015058338911636 , 0.8293897735072583 0.38344870979104506 , -0.18148085650230195 0.19736521154673364 
0.2604250608181402 0.05623000561722167 , 0.8419531710111632 0.37488422352406997 , -0.18699045478471188 0.20771475053539873 
0.25316660382729644 0.054685192214956366 , 0.8542341495659105 0.36619952066526734 , -0.19201297634861547 0.21794426679646667 
0.24570450694747786 0.05338103489716494 , 0.866240090731124 0.35740522146923276 , -0.19655682063401037 0.22804272331029268 
0.2380392153676028 0.05231844540480104 , 0.8779782423901578 0.34851119701416433 , -0.20062968071316908 0.237999337257725 
0.23017063422489462 0.05149886852300965 , 0.889455708629488 0.33952662629596064 , -0.2042385658097911 0.2478034848577201 
0.22209815707265118 0.05092432152422566 , 0.900679441884614 0.33046004847940075 , -0.20738982191267366 0.25744460967306404 
0.2138206903730806 0.050597436147381714 , 0.9116562369868234 0.32131941077383197 , -0.21008915031531247 0.26691213275547676 
0.2053366742248384 0.05052150431423067 , 0.9223927268030226 0.31211211235117464 , -0.21234162398326953 0.2761953630112851 
0.19664409954445383 0.05070052886505059 , 0.9328953792088218 0.30284504467990847 , -0.2141517017086841 0.28528340613173137 
0.18774052193188603 0.051139280724302294 , 0.9431704951749429 0.29352462860947065 , -0.21552324006223733 0.2941650703429175 
0.17862307246770623 0.05184336409004309 , 0.9532242077802212 0.28415684850464995 , -0.21645950320333587 0.3028287670819974 
0.16928846571831196 0.05281929149010688 , 0.9630624819921405 0.2747472836986141 , -0.21696317066586088 0.3112624044879695 
0.15973300527305673 0.05407457087842474 , 0.9726911150789199 0.2653011375057154 , -0.21703634330738503 0.31945327129255036 
0.1499525872125817 0.05561780737707592 , 0.9821157375364192 0.2558232640107801 , -0.2166805477044093 0.32738790828883446 
0.1399427020241588 0.05745882283183996 , 0.9913418144291536 0.2463181928298329 , -0.21589673940872073 0.33505196401501763 
0.129698435656617 0.05960879707935898 , 1.0003746470580146 0.23679015201781123 , -0.21468530567003993 0.34243003057952026 
0.11921447067264836 0.06208043577455294 , 1.0092193748782772 0.22724308928149123 , -0.21304606850633392 0.3495054546206463 
0.10848508885224685 0.06488817086885494 , 1.017880977600447 0.2176806916403005 , -0.21097828940810212 0.35626011716753503 
0.09750417719186266 0.06804840146106607 , 1.026364277413717 0.2081064036636883 , -0.20848067756098798 0.3626741745519361 
0.08626524012809866 0.07157978489855996 , 1.0346739412774488 0.19852344440101885 , -0.20555140436095598 0.3687257503771117 
0.0747614221458346 0.07550359087536423 , 1.0428144832302906 0.18893482310831672 , -0.20218812833153377 0.37439056569300955 
0.06298554695059276 0.07984413511787378 , 1.0507902666693913 0.17934335386538253 , -0.1983880365753927 0.3796414906934342 
0.05093018248135022 0.08462931443570973 , 1.058605506553699 0.16975166916654683 , -0.19414791199045772 0.384447996074434 
0.038587745843231026 0.08989127195684941 , 1.0662642714855337 0.16016223255832795 , -0.18946424028417316 0.3887754751615132 
0.025950669791991007 0.09566723097155252 , 1.073770485623483 0.15057735038710876 , -0.18433337837088243 0.39258439831802927 
0.013011664458268223 0.10200054893936607 , 1.0811279303771075 0.14099918270911904 , -0.17875181779078417 0.39582924802820546 
-0.00023587243359466693 0.10894206110948829 , 1.0883402458299452 0.13142975340275012 , -0.1727165963517589 0.3984571651644522 
-0.013797211266962131 0.11655180730423086 , 1.0954109318319059 0.12187095950842794 , -0.1662259435203522 0.4004062128640318 
-0.02767527212757737 0.1249012668916509 , 1.1023433486956644 0.11232457980224646 , -0.15928029952349546 0.4016031329827932 
-0.041868998787595244 0.13407626519466975 , 1.1091407174249819 0.10279228258369033 , -0.15188394159279509 0.4019604318983305 
-0.0563707280136135 0.14418075255544913 , 1.1158061193982673 0.09327563262091154 , -0.1440476143400623 0.40137259450032986 
-0.07116186627256509 0.15534166879510225 , 1.1223424954332948 0.0837760971425639 , -0.13579285211613812 0.3997112137390244 
-0.08620566397969517 0.16771500998230532 , 1.1287526441804254 0.07429505068268337 , -0.12715920315613868 0.39681891901170185 
-0.10143494834338904 0.18149277889250998 , 1.13503921985751 0.06483377845850445 , -0.11821649446952939 0.3925024223256761 
-0.11673110333105037 0.19690908533877743 , 1.1412047295057692 0.05539347776827651 , -0.1090858491301273 0.3865264165696366 
-0.13188836185769315 0.21423960069401105 , 1.1472515303324398 0.04597525661609597 , -0.099975391430155 0.37861412236658354 
-0.14655640820824017 0.23377808617081586 , 1.1531818285573197 0.03658012842363792 , -0.09123764330448786 0.3684707650822368 
-0.1601640642493142 0.25575175969432795 , 1.1589976829188153 0.02720900148713353 , -0.08344584162490941 0.3558682184952291 
-0.17187760813455813 0.2801166434932653 , 1.164701018968039 0.017862662623841646 , -0.07743563378888903 0.3408496735595836 
-0.18076039091804427 0.3062578755807728 , 1.1702936630113911 0.008541758337683645 , -0.07414549504875505 0.32402934575823417 
-0.18625327428212055 0.33294457017239526 , 1.1757773994547374 -0.0007532146464827461 , -0.07413634812802494 0.3066376241507781 
-0.1885370952344826 0.358877787311085 , 1.1811540336354174 -0.010021893568264969 , -0.07722916135634289 0.2899730859338706 
-0.18828341826943354 0.38325683508655584 , 1.1864254269883758 -0.019264009932937375 , -0.08275423167435048 0.27483615452307214 
-0.18621422625075432 0.4058047322046346 , 1.1915934950877654 -0.028479347179212043 , -0.08999149179241912 0.26150359465126805 
-0.18290054896452235 0.42654007102955344 , 1.1966601858071375 -0.0376677107673293 , -0.09837185979802318 0.24995661941446648 
-0.1787468022584812 0.44559832251473397 , 1.2016274544325904 -0.04682891164809229 , -0.1074928751295172 0.24005956881004895 
-0.17403033702770238 0.46314343599144603 , 1.2064972429503986 -0.05596275877227684 , -0.11707912887810415 0.23164830245752147 
-0.16894151911323857 0.47933264619580357 , 1.2112714648630418 -0.06506905666073726 , -0.12694216870521122 0.22456539014162435 
-0.16361289508575586 0.49430524163568196 , 1.2159519948015463 -0.07414760551289888 , -0.13695132267119836 0.21867134355390758 
-0.15813855494315185 0.5081808548565903 , 1.220540661796231 -0.08319820244851575 , -0.1470143298084871 0.21384632726861613 
-0.15258668748639684 0.5210611086998453 , 1.225039245195667 -0.09222064314690546 , -0.15706478066467808 0.2099885141237508 
-0.14700774145252576 0.5330321615388376 , 1.2294494724569114 -0.10121472351685029 , -0.16705395395979336 0.20701154165470342 
-0.1414398003506008 0.5441672370558227 , 1.233773018240738 -0.11018024122693848 , -0.17694544084554487 0.20484198384780652 
-0.1359121841251259 0.55452884295563 , 1.238011504407889 -0.11911699702872593 , -0.1867115432381708 0.2034171337497867 
-0.13044790797679812 0.5641706217999121 , 1.2421665006303968 -0.128024795857341 , -0.19633081560900648 0.20268315373411974 
-0.12506539247682896 0.5731388621130118 , 1.246239525415946 -0.13690344771957497 , -0.20578635589452482 0.20259356528325398 
-0.1197796745782703 0.581473721919181 , 1.250232047402469 -0.1457527683907205 , -0.2150645957796066 0.20310802614823026 
-0.11460328014834344 0.5892102178715278 , 1.2541454868219595 -0.15457257994522494 , -0.2241544296290239 0.20419134175038786 
-0.10954686317763827 0.5963790264843245 , 1.2579812170620523 -0.16336271114627193 , -0.23304657683982186 0.2058126643386382 
-0.10461968171104719 0.6030071357170134 , 1.2617405662749401 -0.1721229977176621 , -0.2417331075193007 0.2079448416773395 
-0.09982995795601542 0.609118377476714 , 1.265424818998199 -0.18085328251888902 , -0.2502070839975912 0.21056388471886575 
-0.09518515525278934 0.614733865149322 , 1.2690352177628619 -0.18955341564165062 , -0.25846228546548017 0.21364853016901933 
-0.09069219478069293 0.6198723550816949 , 1.2725729646718311 -0.1982232544434779 , -0.26649299284654576 0.21717987903847374 
-0.08635762826209842 0.6245505468595106 , 1.2760392229373148 -0.20686266353183067 , -0.27429381763062394 0.22114109634901077 
-0.08218777840895697 0.6287833340524798 , 1.27943511837003 -0.2154715147099512 , -0.2818595629164808 0.2255171603341622 
-0.07818885573491402 0.6325840146396076 , 1.2827617408158478 -0.22404968689398516 , -0.2891851080363415 0.23029465193106835 
-0.07436705817754365 0.6359644684222975 , 1.2860201455376794 -0.23259706600935834 , -0.29626531031554343 0.23546157726375164 
-0.07072865844505218 0.6389353072551744 , 1.2892113545419472 -0.2411135448731159 , -0.3030949190523026 0.24100721729463223 
-0.06728008292487288 0.6415060027751648 , 1.2923363578500862 -0.2495990230678534 , -0.30966849788062084 0.24692199996937939 
-0.06402798523774295 0.6436849954135015 , 1.2953961147163233 -0.2580534068119749 , -0.31598035243398787 0.25319739107516415 
-0.06097931700280632 0.6454797877761548 , 1.2983915547935514 -0.266476608830274 , -0.32202446074615265 0.25982580073081 
-0.058141398038553845 0.6468970249331394 , 1.3013235792495241 -0.2748685482282254 , -0.3277944041663778 0.26680050297177677 
-0.05552198802243527 0.6479425637346613 , 1.3041930618358886 -0.2832291503728834 , -0.3332832967688608 0.27411556631491285 
-0.0531293615444063 0.648621532949171 , 1.3070008499127905 -0.291558346782885 , -0.3384837113237918 0.2817657935104048 
-0.05097238850280425 0.6489383857791332 , 1.3097477654319438 -0.29985607502974254 , -0.3433875998845471 0.28974666892730017 
-0.04906062189962381 0.6488969461446192 , 1.3124346058811895 -0.3081222786523674 , -0.3479862069369733 0.29805431218443895 
-0.0474043952988548 0.6485004500280389 , 1.3150621451936901 -0.3163569070865852 , -0.3522699728502429 0.30668543673523707 
-0.046014932525767265 0.6477515831462813 , 1.3176311346250222 -0.3245599156112744 , -0.3562284250546626 0.31563731214168383 
-0.04490447262458154 0.6466525162662271 , 1.3201423036015718 -0.3327312653126781 , -0.35985005393239783 0.3249077287231417 
-0.044086413683957 0.6452049396207075 , 1.3225963605437978 -0.34087092306839895 , -0.3631221698152484 0.33449496312438215 
-0.043575479923118485 0.6434100981395104 , 1.3249939936681439 -0.34897886155258223 , -0.3660307367004329 0.34439774308976245 
-0.04338791746062379 0.6412688296236012 , 1.3273358717716344 -0.35705505926382 , -0.3685601772664182 0.3546152093169095 
