0.533555413185851 0.7834807316003081 , 0.730228805746429 0.7164507891310365 , 0.09403473246851557 0.6909224594753632 
0.5396068728737178 0.7656433078981537 , 0.7255183719896938 0.7202106916365244 , 0.09269370653738404 0.7049999806720297 
0.5470515041395086 0.7472931305365312 , 0.718721011849819 0.724416056057069 , 0.09204643541146804 0.7191447936131077 
0.556194931923894 0.7286292344786374 , 0.7095320990944084 0.7289053882639794 , 0.09209192038249324 0.7333193574640912 
0.567404128403061 0.7099742221979111 , 0.6975914668516924 0.7333920227327632 , 0.09282335614604234 0.7474877352760337 
0.5810562499277511 0.6918653869918798 , 0.6825332631473925 0.7373711842677835 , 0.09422943832565224 0.7616174089470447 
0.5973565366542258 0.6751719742724533 , 0.66416558845008 0.7400014878100925 , 0.09629682629648996 0.7756805181241622 
0.6159216487764518 0.6610917960951557 , 0.6428837151468045 0.7401082416161153 , 0.09901358747753945 0.789653942495437 
0.6353816185338864 0.6506665364600038 , 0.6200644737824206 0.7366697893151269 , 0.10237285908448887 0.8035176544315772 
0.6538893330068503 0.6440003403434502 , 0.5975546707437114 0.7296022541083499 , 0.10637494765023423 0.8172513857549079 
0.6702014894538819 0.6403377792418378 , 0.5765912258316833 0.7196850743885833 , 0.11102623611523071 0.8308311265762869 
0.6838938154935826 0.6387640666554334 , 0.5575894147268194 0.7078626827069358 , 0.11633572118039387 0.8442272308443387 
0.6949934063273795 0.6385629265029936 , 0.5405143586413584 0.6948866596774805 , 0.12231118643205802 0.8574043940262337 
0.7036867049656625 0.6392433194085884 , 0.5251761161015979 0.6812877222060146 , 0.1289561303335355 0.8703229385921049 
0.710188829180283 0.6404785413205535 , 0.5113623155483308 0.6674345959841786 , 0.13626780667218213 0.8829408429019757 
0.7146978782900351 0.6420495089143248 , 0.49888463376261616 0.65358843369024 , 0.14423643934814473 0.8952160376021431 
0.7173829189685825 0.6438061761996845 , 0.48759052436297334 0.6399392542399989 , 0.15284550806924008 0.9071085497670245 
0.7183836824925468 0.6456431365485557 , 0.4773624068844615 0.6266286770638347 , 0.1620728620237877 0.9185821665943174 
0.717813720575928 0.6474842999705337 , 0.46811289931442296 0.6137642468906315 , 0.1718923315104451 0.9296054333455425 
0.7157641181469452 0.6492731002555454 , 0.45977933273785115 0.6014289228691951 , 0.1822755005159997 0.9401519570819671 
0.7123068334287749 0.6509660575325261 , 0.4523187508831271 0.5896878109485134 , 0.193193367088894 0.950200111725668 
0.7074974380146047 0.6525283943649873 , 0.44570379564641366 0.5785932802191481 , 0.20461771773977766 0.9597323056225722 
0.7013772650146535 0.6539309147895975 , 0.4399195466974868 0.5681890832002061 , 0.21652213968865588 0.968733982216904 
0.6939750400543268 0.6551476470130094 , 0.4349612441734988 0.5585138365576965 , 0.2288826671729706 0.9771924966360017 
0.68530807856621 0.6561539120272276 , 0.4308327744560454 0.5496041003016117 , 0.2416780983785408 0.9850959678778684 
0.6753831246571477 0.6569245624101675 , 0.4275457947145551 0.5414972534552244 , 0.25489003202909344 0.9924321643413158 
0.6641968976838665 0.657432162800204 , 0.42511938813588607 0.5342343687299617 , 0.26850266558104374 0.999187448676542 
0.6517364100768817 0.6576448640002277 , 0.4235801631344405 0.5278633262461386 , 0.2825023781894741 1.0053457899603413 
0.637979130989115 0.6575236510729553 , 0.42296272350836756 0.5224424808906195 , 0.2968770969033138 1.010887848243133 
0.6228931079968737 0.6570185026421682 , 0.4233104253150552 0.5180453274979319 , 0.3116154180888675 1.0157901500666078 
0.6064372534428049 0.6560627458482715 , 0.4246762654378947 0.5147668273381182 , 0.3267054325200969 1.0200244070203182 
0.5885622283037482 0.6545644665788034 , 0.42712353249163554 0.5127324253067104 , 0.34213319060541275 1.0235570883211942 
0.5692129123427573 0.6523931556109211 , 0.43072527704160335 0.5121113769428258 , 0.3578807620164358 1.0263494476529609 
0.548334875618598 0.6493588102656217 , 0.4355601499023154 0.5131368511132831 , 0.37392392587988316 1.0283583188278032 
0.525891075525421 0.64517990567973 , 0.4416981491007041 0.5161359787510055 , 0.3902297267746714 1.0295380957759726 
0.5019053065079818 0.6394388418768208 , 0.4491591444205953 0.5215708523470709 , 0.4067545004722194 1.0298442859828165 
0.47657483760568803 0.6315421691179662 , 0.4578006302712081 0.5300731755867658 , 0.4234434835239004 1.0292386355019763 
0.45053647308147676 0.6207881670810464 , 0.46704900101765084 0.5423710812659172 , 0.44023347730166895 1.0276947318597447 
0.4252687707161004 0.606860489758898 , 0.47549077426584124 0.5587924086986965 , 0.4570594064188549 1.025201081749114 
0.40282078843089364 0.5907933750204248 , 0.48113550805574135 0.5783033613610036 , 0.4738626549141615 1.02175724382528 
0.38421875823223234 0.574604521726826 , 0.4830055175453506 0.5988869634236953 , 0.49059467562321357 1.017362495056187 
0.369125016130632 0.5596891681829581 , 0.4814817416269866 0.6191591568573198 , 0.5072121936431779 1.0120056551664305 
0.35680890114834646 0.5465797614322332 , 0.4773409914465779 0.6386120592174525 , 0.5236690588058722 1.0056621595570228 
0.34663822190137517 0.5353760897825363 , 0.47127173043793336 0.6571817050041378 , 0.539908999061488 0.9982961854200344 
0.3381484929410059 0.526019980000735 , 0.4638105715120054 0.6749685313904084 , 0.5558598869477852 0.9898654688155651 
0.33100757345440057 0.5184072560490556 , 0.4553817624349587 0.6921184617986902 , 0.5714296155114372 0.9803282623589628 
0.3249754465572063 0.5124277586680149 , 0.4463391620896504 0.7087738570987819 , 0.5865043427539398 0.9696523644399117 
0.3198754099384414 0.5079783625466455 , 0.4369931252543118 0.7250500487924403 , 0.6009504162080433 0.9578255688676228 
0.315575295377666 0.5049663663813178 , 0.4276224965685007 0.7410218997697553 , 0.6146211594546298 0.9448657140556356 
0.31197541784567273 0.5033096865250912 , 0.41847502383015395 0.7567168559058813 , 0.6273685097249698 0.9308274377757361 
0.3090007348572431 0.5029361994496903 , 0.40976077846787695 0.7721150153158278 , 0.6390574380756765 0.9158027654411907 
0.30659558041324675 0.5037830246936056 , 0.40164407334779084 0.7871565460955702 , 0.649579297639759 0.899914409417533 
0.3047199727492829 0.5057959379992343 , 0.39423879924823246 0.8017545752417393 , 0.6588601794032811 0.8833034669657353 
0.30334691376380085 0.5089288901256733 , 0.38760969589653765 0.8158097948639681 , 0.666862341740458 0.8661152952170674 
0.3024603598096424 0.5131435617796519 , 0.3817790828820497 0.8292230141308384 , 0.6735795087091043 0.8484874042962185 
0.30205369322473447 0.518408906110685 , 0.37673666494755065 0.841903494995606 , 0.6790285932285113 0.8305415791004178 
0.30212859881147625 0.5247006629559586 , 0.3724497823481811 0.853772833875631 , 0.683240570241139 0.8123804833751194 
0.30269428080158756 0.5320008500827239 , 0.3688723144103583 0.8647653683715564 , 0.6862523561888505 0.7940877617524288 
0.3037669655522425 0.5402972423888478 , 0.365951491573688 0.8748264206732714 , 0.6881004942748659 0.7757303171445898 
0.30536963452229465 0.5495828455247046 , 0.3636326222620844 0.8839094711165457 , 0.6888166946164173 0.7573616635654589 
0.30753192365322257 0.5598553624219782 , 0.3618621069265333 0.8919729606820864 , 0.6884249208210405 0.7390256571026446 
0.3102901061393959 0.5711166458241217 , 0.36058920469522904 0.8989770631487838 , 0.6869396405661714 0.7207602712338037 
0.3136870387812603 0.5833721338554413 , 0.3597669755487683 0.9048805103272474 , 0.6843649370707677 0.7026013360240205 
0.3177718872838249 0.5966302900134963 , 0.35935273777775456 0.9096373840291772 , 0.6806943263392169 0.6845863061640356 
0.32259933957445075 0.6109021350047061 , 0.35930830725832735 0.9131936678065519 , 0.6759113045680183 0.6667581773954512 
0.32822785469472227 0.6262011058023181 , 0.35960024638288834 0.9154832388264077 , 0.6699908503231858 0.6491696355779832 
0.3347162727163793 0.6425437772658793 , 0.36020036428792956 0.9164228341804586 , 0.6629023143964875 0.6318873687603713 
0.3421178504127194 0.6599525394745841 , 0.36108680689733946 0.9159052977350436 , 0.6546142940907375 0.6149961429970815 
0.3504705598419354 0.6784622584981658 , 0.3622463278398175 0.9137900359132335 , 0.6451020637190434 0.5986016857953099 
0.35978238481942304 0.6981342861327231 , 0.3636789222883403 0.9098889950714034 , 0.634357644293033 0.5828306990025827 
0.37001021428863184 0.7190825727882773 , 0.36540741643472496 0.9039455912301319 , 0.6224013206774395 0.5678258161883001 
0.38102940339169244 0.7415165898180145 , 0.36749816850893874 0.8956035091809798 , 0.6092913795001651 0.5537338812077149 
0.39258336846488395 0.7657983903696018 , 0.3701084982062022 0.8843671018357809 , 0.5951270847297101 0.5406884880013264 
0.40417806381807736 0.7924659456606118 , 0.3736003716096376 0.8695960702996053 , 0.5800405159730813 0.5287919642464921 
0.4148580816687786 0.8219308725979246 , 0.37878377347190734 0.8508177957664683 , 0.5641770962601103 0.5181053118423163 
0.4231792443554179 0.8528657768824165 , 0.3869691095533618 0.8293339433889507 , 0.5476705974920164 0.5086542599353421 
0.4289265047342331 0.8813498488895156 , 0.3982674550076944 0.8090498022683951 , 0.5306249916588687 0.5004543290487986 
0.4333334860124142 0.905750712178883 , 0.4113649967739246 0.7915651890421218 , 0.5131204686144574 0.49353807898570445 
0.43723070126772146 0.926473485287134 , 0.42535362248558617 0.7764197968376838 , 0.4952346276474885 0.4879606980818915 
0.44098885649158115 0.9441834742092805 , 0.4397709628310841 0.7628780775762488 , 0.4770591320781309 0.48379242842118003 
0.44476748487718876 0.9594146770895461 , 0.4543418026379905 0.7503325278565465 , 0.45870966388561685 0.48110677526061685 
0.44863475742665737 0.9725612761411464 , 0.46885436500552324 0.7383260298732544 , 0.4403298289686155 0.47996667419230865 
0.45261673479919606 0.9839156073353681 , 0.48311363656546485 0.7265280395108452 , 0.42208858003613525 0.4804103333604962 
0.45671850049348206 0.9936992439486753 , 0.4969293411562961 0.7147152154718949 , 0.404171109751018 0.48243952078613944 
0.46093396558902255 1.0020838683888857 , 0.510120123267905 0.70275674463633 , 0.38676486254386855 0.48601336718149385 
0.46525081052082984 1.0092049283889566 , 0.5225240304651364 0.6905995523003332 , 0.3700441104148299 0.49104949951741983 
0.4696531752554639 1.0151707304905233 , 0.5340087024636873 0.6782513014301484 , 0.35415707368164495 0.4974319482860379 
0.4741232125846478 1.020068693167138 , 0.544477381605755 0.6657621391103409 , 0.33921835721039334 0.5050231479292306 
0.4786420094592805 1.023969801136889 , 0.5538696335362765 0.653207547767992 , 0.32530730840523914 0.5136766313018287 
0.4831901237447449 1.0269318805871013 , 0.562157759711913 0.6406743355105536 , 0.3124710679441382 0.5232477641090547 
0.48774787080934373 1.0290020677240426 , 0.5693407787402779 0.6282506443009372 , 0.3007303018511744 0.5336012681817298 
0.4922954410145272 1.0302187015135784 , 0.5754377406610639 0.6160197721527899 , 0.29008576972520494 0.5446155065403414 
0.4968129005077945 1.0306127905869928 , 0.5804815529190295 0.6040570084051334 , 0.28052449797397216 0.5561841812145835 
0.5012801098315515 1.0302091569076472 , 0.5845138839697483 0.5924285445018173 , 0.27202495759949624 0.5682162787972453 
0.505676582416027 1.0290273296511248 , 0.5875812734201711 0.5811916515774743 , 0.26456109556459806 0.5806349989781109 
0.5099812958748628 1.0270822437000398 , 0.5897323389349798 0.5703955339953144 , 0.2581053165909535 0.5933762025113557 
0.514172462096448 1.0243847839981914 , 0.5910158765598154 0.5600824745253694 , 0.25263061274453286 0.606386721683149 
0.5182272566975806 1.0209422075974879 , 0.5914796406940763 0.5502890450139993 , 0.24811205400913922 0.6196227275952226 
0.5221215038879412 1.016758468443158 , 0.5911696173575439 0.5410472635505075 , 0.24452783015531107 0.6330482482130443 
0.5258293086696786 1.0118344651870805 , 0.5901296432179081 0.5323856457427809 , 0.24185999951320952 0.6466338692768484 
0.5293226241011658 1.0061682293186274 , 0.5884012602921781 0.524330136243183 , 0.24009506700745217 0.6603556146448994 
