0.5236729675249193 0.6649813114254203 , 0.737136959603654 0.6009024921813862 , 0.562612778158815 0.8748062897453173 
0.5261357965317118 0.646563684937721 , 0.727887569866463 0.5987042507465251 , 0.5693993388892136 0.8954221576678777 
0.5304681728251042 0.6289949708099422 , 0.716617731666417 0.5975848118908065 , 0.5763368007958672 0.9141103106513752 
0.5368705300899586 0.6121030282164323 , 0.7031388751436667 0.5974638685474774 , 0.5834133000537631 0.9311231965882142 
0.5456509863516371 0.5958418346821511 , 0.6871633290622443 0.5982093986071109 , 0.590608389873507 0.9466388600628618 
0.5572411414934636 0.580332728789491 , 0.6682857400417529 0.5995694508972652 , 0.5978958237521719 0.9607879136653675 
0.5721436446063326 0.5660011582134844 , 0.6460346172597805 0.6010183659705979 , 0.6052444434212753 0.9736705691680415 
0.5905186398523169 0.553840312942004 , 0.6202855037642805 0.6014807166114562 , 0.6126185616707911 0.9853690637986636 
0.6108916776677551 0.5453313296353354 , 0.5925514052533506 0.5994004194485071 , 0.6199796223662829 0.9959583442682813 
0.6300727965244606 0.5408214058671277 , 0.5660582893025574 0.5943548312909029 , 0.6272916194603706 1.005513856194093 
0.646353994840033 0.5391671032397788 , 0.5425408507798404 0.5874123584801474 , 0.6345278596675152 1.0141106316321975 
0.6596688907750369 0.5393015551441749 , 0.5220818153685313 0.5795713159606685 , 0.6416719991438204 1.0218172222472803 
0.6703923290353868 0.5405925468208165 , 0.5043152134681165 0.5714051036961711 , 0.6487151627838852 1.028692442835136 
0.6789024844447421 0.5426844484826978 , 0.4888672607524778 0.5632205205497737 , 0.6556529600901686 1.0347851243196522 
0.685501284379078 0.5453683017636265 , 0.4754380285952681 0.5551866723459978 , 0.6624833923130423 1.0401351192424992 
0.6904185425640882 0.548513414452678 , 0.4637986317960157 0.5474020900722294 , 0.6692055309272845 1.0447745888272162 
0.693828439400143 0.5520327266923192 , 0.45377556341112213 0.539928160890981 , 0.6758187024761233 1.0487292057688236 
0.6958639096154159 0.5558645941216335 , 0.4452368166878167 0.5328063280912237 , 0.6823219789841558 1.0520191711392664 
0.696627215666576 0.5599626404674632 , 0.4380816436515623 0.5260674114150294 , 0.6887138459692501 1.0546600414696308 
0.6961973993769502 0.5642897300803181 , 0.43223333554966287 0.5197369704048285 , 0.6949919703607753 1.0566633928669769 
0.6946354962386322 0.5688141199307489 , 0.4276341874212213 0.5138386182539005 , 0.7011530216275349 1.058037355167474 
0.6919881919305764 0.5735067830633434 , 0.4242419953641515 0.5083962631195402 , 0.7071925179926604 1.05878704716924 
0.6882903880090226 0.5783393421113874 , 0.42202763641549285 0.5034358110887923 , 0.7131046808628727 1.0589149401519438 
0.6835669865192264 0.5832822694903478 , 0.42097343100836065 0.49898665050088886 , 0.7188822877598011 1.0584211733608868 
0.6778340963805835 0.5883031140604088 , 0.4210720897926635 0.4950831367644151 , 0.7245165191141413 1.0573038425272996 
0.6710997938433312 0.5933645531424824 , 0.42232611288358485 0.4917662594070123 , 0.7299967985604722 1.0555592808026288 
0.6633645248485509 0.5984220650672376 , 0.4247475496829552 0.4890856778996461 , 0.7353106307558821 1.05318235038524 
0.6546212147747368 0.6034209763909737 , 0.4283580445853091 0.4871023549166042 , 0.7404434459273422 1.0501667620445458 
0.6448551554292126 0.60829255395709 , 0.4331890830099897 0.4858921015933364 , 0.7453784668481859 1.0465054378016974 
0.6340437898603609 0.6129486688576923 , 0.43928229341349423 0.48555049667374833 , 0.750096622013533 1.0421909278206831 
0.6221566643074463 0.61727432859874 , 0.4466895028057637 0.4861998807363119 , 0.7545765381741781 1.037215884017072 
0.6091561904386006 0.6211170173650354 , 0.45547186001972284 0.4879994989691692 , 0.7587946548290647 1.0315735770179193 
0.5950007727258674 0.6242712862416684 , 0.46569642291873925 0.49116039123440447 , 0.7627255096427815 1.0252584158760512 
0.5796540837450198 0.6264565667012801 , 0.4774263807888232 0.49596714036385375 , 0.7663422407535451 1.01826638628699 
0.5631097228654808 0.6272868213155806 , 0.4906956543959517 0.5028080149856822 , 0.7696173280259556 1.0105952570508612 
0.5454533179883719 0.6262372574539512 , 0.5054458574533386 0.5122085259325466 , 0.7725235298456776 1.0022443099656262 
0.5270085801312511 0.6226441723397417 , 0.5213792980996619 0.5248326980014908 , 0.7750348270564752 0.9932132230108915 
0.5086185597099012 0.615874482028688 , 0.5376772526533401 0.5413159985210986 , 0.7771268929241468 0.9834996128023374 
0.4918768868683482 0.6059189251363523 , 0.5527697079469969 0.5616763301329506 , 0.7787761104720431 0.9730948380828212 
0.4785059356626935 0.59404609883912 , 0.5649609215395155 0.5846652880099514 , 0.7799558480851791 0.9619787065030526 
0.46911210576288664 0.5820906400307542 , 0.5736804761317567 0.6084836545336065 , 0.7806301233927448 0.9501157987877632 
0.4632660245461941 0.5712729942387398 , 0.579409621100844 0.6319618004497743 , 0.7807470596403501 0.9374552986636098 
0.460274924309201 0.562112447004376 , 0.5829147492189968 0.6546448804301671 , 0.7802330317591903 0.9239327659175808 
0.45954144587592044 0.5547556304078366 , 0.5848950848285024 0.6764619841387008 , 0.7789861745829652 0.9094724788055865 
0.4606198349110008 0.5491963784811198 , 0.5859350167854092 0.697502923621135 , 0.776867853590978 0.893990791249869 
0.4631899449685665 0.5453756158792672 , 0.5865416203034074 0.7179122247039953 , 0.773691140015414 0.8774022527688613 
0.4670246794008954 0.5432223028629077 , 0.5871920947580644 0.737836036248247 , 0.7692059311284279 0.859631754240969 
0.4719661794405621 0.5426700772127561 , 0.5883743590592461 0.7573815372144765 , 0.7630821667875797 0.8406384789248911 
0.47791119042179486 0.543664849714477 , 0.5906133951719481 0.7765643883669505 , 0.7548981196936447 0.8204608552706961 
0.4848038397852023 0.5461701327346445 , 0.5944643125800644 0.7952278165630227 , 0.744154552922121 0.7992921440544565 
0.4926345920364059 0.5501738111286655 , 0.6004291321665836 0.8129388524860757 , 0.7303589810843981 0.7775774297373826 
0.5014449991595054 0.5556994157490865 , 0.6087527146313335 0.8289379559113694 , 0.7132249914965487 0.7560527216916678 
0.511338548438294 0.5628254716561858 , 0.6191762298805611 0.8423049108794464 , 0.6929079269685325 0.7355597108164917 
0.5224987389935831 0.5717181146840041 , 0.6309350363750448 0.852355765049401 , 0.6699889299187597 0.7166162136187186 
0.5352166287535419 0.5826874223208396 , 0.6431070329804118 0.8589071922964896 , 0.6450990435534338 0.6990954787347946 
0.5499206971727099 0.5962891633556673 , 0.6549567438860634 0.8621725369682348 , 0.6185452642286143 0.6822283930282216 
0.567092354727811 0.6134646852111945 , 0.6660298614448948 0.8625114152095359 , 0.5903004891146816 0.6647139929313933 
0.5862232030472181 0.6350972137551221 , 0.6760908055477627 0.8602466318252909 , 0.5611086966924066 0.6453462477717107 
0.6035946427328667 0.6588996044709667 , 0.6850245448943809 0.8555579973204784 , 0.5348035176601398 0.6262324915606785 
0.6181282045440896 0.6825690841982336 , 0.6927276891649843 0.8484344905115846 , 0.5125668115783135 0.6096865186423055 
0.6310429217787545 0.7063999962205748 , 0.6990220517654369 0.8386945980767831 , 0.49335773174319597 0.5955954990547658 
0.6434940337909302 0.7312054285803112 , 0.7035825109529024 0.8260030175765366 , 0.47634616054355483 0.5834816471952758 
0.6565699347848217 0.7577903979133004 , 0.7058304817158604 0.809940596584353 , 0.46102228878670526 0.5729590988544703 
0.6714617948257101 0.7863916512010972 , 0.7048890274840904 0.7905512108622111 , 0.4470718829775868 0.5637472312888152 
0.6885829487182957 0.8147360007977125 , 0.7005389827101135 0.770312015609034 , 0.4343007738589781 0.5556420769453772 
0.7061242815153606 0.8392642194097528 , 0.6947040002687538 0.7529291662300737 , 0.4225944235032729 0.5484967077122972 
0.7227883310526382 0.8596924541046692 , 0.6887492038536932 0.7387909234271042 , 0.4118851703810559 0.5422067158203502 
0.7383008108320064 0.8768631522586494 , 0.6829927210084464 0.7271309972880139 , 0.4021291734469344 0.5366959438054604 
0.7526974457744386 0.891501616034117 , 0.6774294891113374 0.7172815350310431 , 0.3932957704016111 0.5319069422869636 
0.7660732604756947 0.9041167350428511 , 0.6719865386866618 0.708777950018576 , 0.3853629061250306 0.5277954082906966 
0.7785221319383753 0.9150637835438792 , 0.6665855197273555 0.701299444708229 , 0.3783150536216563 0.5243268651000155 
0.7901246894781097 0.9245982669522492 , 0.6611557867205549 0.6946172431553281 , 0.3721422290887224 0.5214745832445463 
0.8009478637127445 0.932910202748751 , 0.6556352884085506 0.6885616566473864 , 0.36683955316609174 0.5192182339559862 
0.81104692891726 0.9401452842375223 , 0.6499686415803315 0.6830017977645976 , 0.36240713478979525 0.5175430113500039 
0.8204677323193381 0.9464182048682231 , 0.6441047839845669 0.677832806272051 , 0.3588501889834818 0.5164390822118496 
0.8292485851884462 0.9518213107935835 , 0.6379947557779839 0.6729674942595575 , 0.3561793643209567 0.5159012882989829 
0.8374217610900702 0.9564304012946646 , 0.6315896500169064 0.6683306260822424 , 0.35441129418041034 0.5159290659752168 
0.8450146595393996 0.9603087336531052 , 0.6248386283207539 0.6638547831436309 , 0.35356941742723336 0.5165265765553877 
0.8520507075470849 0.9635098619842098 , 0.6176868480916634 0.6594771650311224 , 0.35368514964863856 0.5177030663367915 
0.8585500609958476 0.9660796961184501 , 0.6100731091831549 0.6551368929952237 , 0.35479953510838425 0.5194735042384498 
0.8645301534838652 0.9680580239914658 , 0.6019269668404653 0.6507724851896832 , 0.3569655849630563 0.5218595841709746 
0.8700061276720212 0.9694796548354 , 0.5931649476191668 0.6463191997559814 , 0.36025162999619875 0.5248912387607422 
0.8749911740958958 0.9703752866603015 , 0.5836853074389393 0.6417058990788638 , 0.36474622375255167 0.5286089076129583 
0.8794967943541674 0.9707721665740536 , 0.5733604175017135 0.636850960770292 , 0.3705654934315058 0.5330669660077779 
0.8835329986953477 0.9706945884604875 , 0.5620252319007185 0.631656508209793 , 0.3778644746913204 0.538338996681843 
0.8871084411708066 0.9701642542133639 , 0.5494591941275774 0.6259998045900202 , 0.3868550699890027 0.5445260345487395 
0.8902304869788259 0.9692005077505406 , 0.5353573385883744 0.6197201408064157 , 0.39783487972018633 0.5517694447951674 
0.8929051930335876 0.9678204297753586 , 0.51928626720236 0.6126002994314999 , 0.411231245051439 0.5602693641452651 
0.8951371564673879 0.9660387447121772 , 0.5006406493395807 0.6043539488208052 , 0.42764489948041795 0.5702973998191412 
0.8969291288816953 0.9638674145013104 , 0.47879169138712907 0.5947231168230788 , 0.4477018850185621 0.5820995620277343 
0.8982811883925289 0.9613146492751593 , 0.4545233385432521 0.5842194917475382 , 0.47061817835160547 0.5951559523294259 
0.8991893869276743 0.9583832354326839 , 0.43199231836989893 0.5749330157694738 , 0.4922409999898133 0.6073738421499657 
0.8996452511912505 0.9550701575306997 , 0.413051034164482 0.5676367909125758 , 0.510726419931654 0.6179831449088479 
0.8996366431208337 0.9513682314517012 , 0.39728238328908405 0.5620305285002222 , 0.5265036788774687 0.6272913334001999 
0.899148364365762 0.9472673343252332 , 0.38407478667569717 0.5577686064283676 , 0.5401995542459274 0.6356541525985224 
0.8981623018534818 0.9427549584160322 , 0.3729714993299279 0.5546039570072873 , 0.5522889041039768 0.6433311779288038 
0.8966572888621313 0.9378163885616777 , 0.3636528865899848 0.5523668594022291 , 0.5631125298352704 0.6505068453882165 
0.8946087648821105 0.9324346620150643 , 0.355892471508406 0.5509382702025076 , 0.5729214688968699 0.6573171611345513 
0.891988251667799 0.9265903743412581 , 0.34952579529068467 0.5502322969062241 , 0.5819086583289026 0.663867422104641 
0.8887626248728504 0.9202613493660774 , 0.34443070373876494 0.5501854374609074 , 0.5902293766757709 0.6702433065251384 
0.884893130048162 0.9134221653768554 , 0.3405148944854637 0.5507498966817435 , 0.5980146807537606 0.6765180312935244 
