0.22644511803513023 0.575496226405449 , 0.2065420712915612 0.2937919117675364 , 0.6137637324189251 0.7689951344961917 
0.2360222503934354 0.5764946879609972 , 0.19908609254042423 0.290009002106698 , 0.611642578811757 0.7717795826014818 
0.2459263890427766 0.5767273599007741 , 0.1919152644952816 0.2874111004956446 , 0.6089092682075584 0.7741448122727584 
0.25612312498561957 0.5762536690088672 , 0.18507703761617875 0.28595482112012344 , 0.6055507591438183 0.7760747825401865 
0.2665826169739332 0.5751325964312475 , 0.17861647216901183 0.2856016229578448 , 0.6015518326026715 0.7775490532800848 
0.2772785248517615 0.5734241277206684 , 0.17257720091429457 0.28631683554169307 , 0.5968951959795604 0.7785423094068157 
0.2881871970139959 0.5711907242224842 , 0.16700212856991473 0.28806879477838954 , 0.5915615961617059 0.7790237536683035 
0.29928703706901805 0.5684988491977616 , 0.1619339240287333 0.2908280776536059 , 0.5855299606478652 0.7789563458178097 
0.310557990005007 0.5654205833599774 , 0.15741534205051816 0.2945668312945516 , 0.5787775896900914 0.7782958580146484 
0.3219810924365003 0.5620353664198289 , 0.1534893998961247 0.2992582005408688 , 0.5712804294129916 0.7769897057084797 
0.3335380246741995 0.5584319057340372 , 0.15019942969573744 0.30487586817597034 , 0.5630134673756797 0.7749754987591698 
0.3452105819065469 0.554710302370957 , 0.14758902874883736 0.311393732790966 , 0.5539513110902323 0.7721792375072544 
0.3569799421063129 0.5509844612815382 , 0.14570193752416288 0.31878576037626416 , 0.5440690421151408 0.7685130510113749 
0.36882553885207986 0.5473848779566575 , 0.1445818892800306 0.32702605664225026 , 0.5333434936135062 0.7638723380702697 
0.38072322880844073 0.5440619286089413 , 0.1442724966541395 0.33608921751083987 , 0.5217551962830365 0.7581321265493962 
0.3926422405856453 0.5411898253922692 , 0.1448172705889474 0.3459510258138582 , 0.509291410571024 0.7511424214630499 
0.40454003813059247 0.5389713977168292 , 0.1462599086424333 0.35658957543219694 , 0.49595097497259094 0.7427222995201512 
0.4163536073744948 0.5376437202159046 , 0.14864505066998254 0.3679869254668963 , 0.4817522637011394 0.7326526269863765 
0.42798457600310896 0.5374840324957635 , 0.15201979797310727 0.38013142651988474 , 0.4667465477694005 0.720667813653529 
0.43927373953150695 0.5388135895178315 , 0.15643646763207228 0.39302093339635713 , 0.4510407145820375 0.7064487497549887 
0.44995805458510224 0.5419920110863621 , 0.16195739480047355 0.4066672372579569 , 0.4348354723600409 0.6896240243248585 
0.4596024137562047 0.5473819131078937 , 0.1686632890061356 0.4211021972913757 , 0.4184852189832764 0.669799162269908 
0.4675120152507591 0.5552380716358739 , 0.17666806894563153 0.43638604287414456 , 0.4025708375492261 0.646659158159159 
0.4726956649298342 0.5654579214780726 , 0.1861458394179531 0.4526172948580503 , 0.38790941739782936 0.6202080563330544 
0.4740789823942067 0.5772543552956619 , 0.19737990080061837 0.4699386448228801 , 0.3752920385507916 0.5910902725506353 
0.4710557615638853 0.5891924112467463 , 0.21084552591542877 0.48851555553738507 , 0.36484963426630257 0.560575305885046 
0.46380016427224946 0.5998726699743319 , 0.22731708526741665 0.5084180118101796 , 0.3556336722059505 0.5299925908846658 
0.45288099022497813 0.608488967546062 , 0.24786002858271858 0.529260315327834 , 0.3460099029379199 0.5005339897952813 
0.4387291421828882 0.614747941500579 , 0.273213116892374 0.549683624118194 , 0.3348086626703544 0.4738517070504042 
0.4213606665435353 0.6185218254162738 , 0.3027692212001266 0.5680976351351116 , 0.32262103400195463 0.45166381211779194 
0.40030857406615344 0.6195266849334448 , 0.3355934641504191 0.5845323135360937 , 0.31084888352904405 0.4342242741996389 
0.37512726030522636 0.6171551787609353 , 0.37139087404846627 0.6003116915193198 , 0.30023278739192394 0.4208164023889221 
0.3489941607028446 0.6116140276222399 , 0.40685372178383356 0.615957059286912 , 0.2909030392589384 0.4107121857600252 
0.3261387847272393 0.6047410982520808 , 0.4378819156583482 0.6300989881588014 , 0.28273022136002907 0.40344318625829495 
0.30609822563529293 0.5969111006537281 , 0.46511226037423054 0.6426125569310227 , 0.2755404357360931 0.3987596150844263 
0.2879867581064533 0.5879517667879768 , 0.4895878198474031 0.6537809885413076 , 0.2691763437917601 0.3965505173398926 
0.27125457963678046 0.5776239719961114 , 0.5119991708757117 0.6638549292975813 , 0.2634971712331243 0.3968043713754844 
0.2555975863201058 0.5656674473711807 , 0.5327883826514368 0.6730188414814396 , 0.2583649527740739 0.39959698381655673 
0.24087715005084775 0.5517799776724304 , 0.5522504988942017 0.6814077976215386 , 0.253623272800567 0.40509549737520817 
0.22709797555547134 0.5355887099047784 , 0.5705913312343022 0.6891232701819364 , 0.24906161495584297 0.4135712925824623 
0.21444446584935722 0.516638227845944 , 0.5879596527948492 0.6962439953948122 , 0.24434680310141002 0.42540104942842083 
0.2033952793156076 0.49449500333748364 , 0.6044659068033669 0.7028333625471618 , 0.23888973562664198 0.4409549067845316 
0.1948645245894853 0.46937300753318734 , 0.6201938493262106 0.7089448107069073 , 0.23169254782992058 0.4599654544290823 
0.18968545101802536 0.44367628241005824 , 0.6352089160488611 0.7146260765649337 , 0.22185655467873 0.479980913694185 
0.18714722187058172 0.42080483393899015 , 0.6495655995543661 0.7199215479600014 , 0.21003810032066864 0.4975568907701854 
0.18596112569628942 0.40175345706423005 , 0.6633124499983586 0.7248713310599156 , 0.1974773460509684 0.5116584845450313 
0.18536130371896983 0.38618348817908943 , 0.6764933649523164 0.7295098311849705 , 0.18489625307433016 0.522589953305117 
0.18497090394050797 0.3735858477688024 , 0.6891476239104194 0.7338657331902873 , 0.17263239389468896 0.5308316917100873 
0.18459495034465845 0.36354791784547463 , 0.7013099981013435 0.7379627387290794 , 0.16084597329961436 0.5367726160946229 
0.18412014034523794 0.35576871314152136 , 0.7130110677065897 0.7418204536528871 , 0.14961971369378863 0.5406941058747685 
0.18347051622529803 0.3500347881276516 , 0.7242776446495375 0.7454551914694907 , 0.1390027608707808 0.5427932930720346 
0.18258659571995067 0.34619799880225294 , 0.735133216165929 0.7488806363741708 , 0.12903110985973662 0.5432046374927532 
0.18141430410597265 0.3441601351885666 , 0.7455983640887032 0.7521083718845628 , 0.11973825355094038 0.5420147655960474 
0.1798979575078255 0.34386334411653735 , 0.7556911412172739 0.7551482981266883 , 0.11116182302051678 0.5392716304259512 
0.17797458763598026 0.3452848868182186 , 0.7654274003888125 0.7580089620664793 , 0.10334893372082338 0.5349894237844789 
0.17556798457162515 0.3484352895274784 , 0.7748210787975693 0.7606978216223068 , 0.09636185837642162 0.5291501615193916 
0.1725810166892452 0.3533594511431614 , 0.7838844432136589 0.7632214605624932 , 0.09028546184271198 0.5217023609635223 
0.1688843401546001 0.3601405830068979 , 0.7926283031183528 0.7655857676378292 , 0.08523827847266324 0.5125569220244499 
0.16429842087681237 0.36890665141533335 , 0.8010621996596127 0.7677960908153407 , 0.08139030120919108 0.5015805304385029 
0.15856355443335296 0.37983686914822673 , 0.8091945797010694 0.7698573757184701 , 0.07899278761119369 0.4885890278024801 
0.15128995197029582 0.39315571884194955 , 0.8170329672486064 0.7717742961496751 , 0.0784280025267139 0.4733532576775523 
0.1418878500794407 0.40905856117442024 , 0.8245841511440963 0.7735513827826866 , 0.08027892052207913 0.45567332871207 
0.12957630429802128 0.4273481718641923 , 0.8318544207317977 0.7751931490090306 , 0.0853201967157972 0.435741951795954 
0.11405268191163734 0.4463445424922459 , 0.8388498921136729 0.7767041810285059 , 0.09384834772030591 0.4152345491484251 
0.09700398591362788 0.4628407970350432 , 0.8455768799311058 0.7780890649816921 , 0.10417005590088248 0.39735341065244173 
0.080509175907097 0.4755809586251925 , 0.8520419488979372 0.7793520648071935 , 0.11419979694058197 0.38335024923679095 
0.06537069769920031 0.485022748176659 , 0.8582515707683365 0.7804969007785879 , 0.12312865327807933 0.37276362371393 
0.05174302978688093 0.4918250163089144 , 0.8642118378459149 0.7815267609211961 , 0.13079605411282025 0.36493149543906633 
0.039598011024133545 0.4964908045727192 , 0.8699283340615921 0.7824443922122241 , 0.13722457665989046 0.3593480758842335 
0.028873730035389386 0.49937112450282906 , 0.8754060983737296 0.7832521948384512 , 0.14247109333649705 0.3556599533278965 
0.019515793349819004 0.5007097051839453 , 0.8806496319907198 0.7839523019651151 , 0.1465854964050773 0.35362126552011636 
0.011487977684242917 0.5006773536765794 , 0.8856629252838348 0.784546644385202 , 0.14960001877753834 0.35305927460739533 
0.004774679039936511 0.4993941626779157 , 0.890449493080198 0.7850370028859552 , 0.15152674962548152 0.3538521071053058 
-0.000618221290014577 0.4969434295077071 , 0.8950124131535743 0.7854250512776725 , 0.15235672988205637 0.3559147918837971 
-0.004661907842205995 0.4933803523509808 , 0.8993543657201585 0.7857123924386665 , 0.1520584638676636 0.35919052787952926 
-0.007301625257258177 0.48873744246052364 , 0.9034776732870989 0.785900589086651 , 0.15057487371577533 0.363645241122002 
-0.008451275628676274 0.4830278870957403 , 0.9073843410693053 0.7859911904086123 , 0.14781785630498706 0.3692641951648239 
-0.007984431593622802 0.47624783425509926 , 0.9110760987591098 0.7859857551384637 , 0.14365925458012913 0.37604968327561356 
-0.005719852891050299 0.4683788722776293 , 0.9145544449008813 0.7858858710716533 , 0.13791632973578502 0.38401852931989383 
-0.0013985897369171952 0.4593935240277272 , 0.9178206956035205 0.7856931701758284 , 0.1303288158790127 0.3931965784656209 
0.00535034214158572 0.44927181320857096 , 0.9208760398619497 0.7854093370397012 , 0.12052453974208065 0.4036021224209043 
0.015049859587751225 0.43805431073656653 , 0.9237216041778301 0.7850361055712498 , 0.10797945798003471 0.41519285636136005 
0.028350946272291233 0.42601182053225334 , 0.9263585282568834 0.7845752326204293 , 0.09204144721644139 0.4276962195164938 
0.04557036016564796 0.41410940423906945 , 0.9287880452961624 0.7840284236746541 , 0.07239251628380555 0.4401454447554528 
0.06509314586158657 0.4043882332081209 , 0.9310115220982547 0.7833971692726479 , 0.050646253785774656 0.45049787018840753 
0.0836621960713417 0.39807703319101284 , 0.9330303394617336 0.7826825198612253 , 0.030058386212540585 0.45752371961693816 
0.09978365909584454 0.39464108369721557 , 0.9348456472479784 0.7818850369086846 , 0.012121615401793066 0.46175715206327606 
0.1133581692674874 0.39328447183877513 , 0.9364582475326495 0.7810049400369896 , -0.0030654950545209447 0.46399386079341143 
0.1246271386459071 0.3934438651549249 , 0.9378685978766512 0.7800422577389668 , -0.015744814776942413 0.4647971497752844 
0.1338427752044715 0.39475457426348826 , 0.9390768512371347 0.7789969313736367 , -0.0261687046959903 0.4645317670320512 
0.14120446583675364 0.3969753644915694 , 0.9400829004145931 0.7778688836161824 , -0.034536444505730846 0.4634390245614243 
0.1468566177735352 0.39993935670021247 , 0.940886419266668 0.7766580646968553 , -0.04099211529458742 0.46168585127210837 
0.1508969148821244 0.403525318846629 , 0.9414868998213407 0.7753644847246076 , -0.0456328929578493 0.4593934690979395 
0.15338383131104236 0.40764059606326136 , 0.9418836860554963 0.7739882367866733 , -0.048516595620922906 0.4566544398192415 
0.1543414091229555 0.41221034583413035 , 0.9420760053116822 0.7725295133863525 , -0.04966649268902198 0.4535434134486933 
0.15376119471078006 0.41717007729391353 , 0.9420629981577922 0.7709886174996717 , -0.049073271122956424 0.4501245778755908 
0.15160138720347488 0.4224596678067523 , 0.9418437472229109 0.7693659686810459 , -0.04669421268077001 0.4464576361813778 
0.14778297846348287 0.4280174655521533 , 0.9414173052111865 0.7676621039834809 , -0.04244936192905361 0.44260370313354175 
0.14218226174759488 0.4337729465251959 , 0.940782721859917 0.7658776728137489 , -0.036214061861896046 0.4386326533302312 
0.13461872198878222 0.43963551095484876 , 0.9399390689465718 0.7640134240594617 , -0.02780686918973815 0.4346343376548655 
0.12483766602111909 0.44547467946468794 , 0.9388854612952438 0.7620701826858106 , -0.01697220557074698 0.43073841051867734 
