0.5594985290909031 0.36355917767766266 , 0.7023987154106993 0.9297419130112732 , 0.7214014515423315 0.760980860172143 
0.5399891362256068 0.3689794868897619 , 0.7090537471607857 0.925023456283288 , 0.7342558126575414 0.760279007688029 
0.5207779913236232 0.3751056207850551 , 0.7159695955203552 0.917790046217596 , 0.7465511091999555 0.7613862838584278 
0.5018984777659999 0.38190323490007205 , 0.723247309741043 0.9079375182694044 , 0.7581529085368909 0.7644411976916025 
0.4833777462228782 0.38933700306097363 , 0.7310264844984484 0.8952852304745867 , 0.7688944653226072 0.7696597173255185 
0.4652380386242499 0.39737233726210147 , 0.7395168264656186 0.879564760947062 , 0.7785438309540653 0.7773448526519153 
0.44749834398287464 0.4059763009395542 , 0.7490523143582027 0.8604365049019648 , 0.7867480377028564 0.7878691450195598 
0.43017608549778785 0.4151176248432532 , 0.7601596679530811 0.8376752225297812 , 0.7929629425930649 0.8014891034880444 
0.41328847157968024 0.42476569189069113 , 0.7734434439924116 0.8120281986838596 , 0.7965667804718419 0.817488060286528 
0.3968527015893765 0.4348884307819541 , 0.7886257224081158 0.7866356085406612 , 0.7978202720464415 0.8327579115384635 
0.380883862438259 0.4454504555865611 , 0.804234810760677 0.7644322537064553 , 0.7981800228449978 0.8443992415680623 
0.36539220821431634 0.4564140489280096 , 0.8192867103529025 0.7458223142513507 , 0.798619777476715 0.8520455876817186 
0.35038259895264634 0.46774163851014816 , 0.8334160133549227 0.7303566365335347 , 0.7995000837363647 0.8561836758173961 
0.3358554736148962 0.4793976189808151 , 0.84650333046874 0.7175793430593449 , 0.8009398919602975 0.8573049888209189 
0.3218082082654299 0.49134920336138216 , 0.8585070271553227 0.7071624445401701 , 0.8029834606231812 0.8557703029595267 
0.30823632693086267 0.5035665807665024 , 0.8694035144983471 0.6988922573552269 , 0.805658854614724 0.8518231127393496 
0.2951344001694863 0.5160226750183727 , 0.8791639626321216 0.6926428486280023 , 0.8090003332423258 0.8456164272147038 
0.2824966219779499 0.5286927150962228 , 0.8877421134039655 0.6883576949199481 , 0.8130599606620182 0.8372315408449078 
0.27031711011681925 0.5415537507823364 , 0.8950640491275031 0.6860403457312502 , 0.8179175367996113 0.8266878543474924 
0.25858998583364057 0.5545841933273843 , 0.90101532157878 0.6857523367084697 , 0.8236933886315132 0.8139454208252249 
0.24730928372058675 0.5677634292600752 , 0.905421341980832 0.6876162355238747 , 0.830568070342515 0.798902286077129 
0.2364687335824458 0.5810715400687092 , 0.9080159893385762 0.691818198231621 , 0.8388139731229117 0.7813922125607485 
0.22606144942821496 0.5944891575850859 , 0.9083959055766069 0.6985858530622787 , 0.8488413410391118 0.7612069402137143 
0.2160795612939523 0.6079974948608435 , 0.9059951329776905 0.7080352018985231 , 0.8612240017722907 0.7382492541017123 
0.20651385246220133 0.6215786195207331 , 0.9003472844898507 0.7195139301108837 , 0.8764375590918816 0.713189401229462 
0.1973535942593777 0.635216050262314 , 0.8923165239055433 0.7303864754314418 , 0.8936285778790126 0.6886794251673231 
0.18858703831785859 0.6488954647244021 , 0.8841935191927832 0.7379540254567151 , 0.9105181385332918 0.6674324606799615 
0.18020246925775257 0.6626047168981634 , 0.8772173220857774 0.7419000777363688 , 0.9258789047004036 0.6497771562265465 
0.17218882420064924 0.6763332445975749 , 0.8716610116937438 0.7427649423572709 , 0.9394488601495405 0.6351837639062328 
0.16453578956846968 0.6900715112495373 , 0.867510324997201 0.7410699102064904 , 0.9512525814782629 0.6231405294050509 
0.15723367521839132 0.7038106369633809 , 0.8647050020606847 0.7371917365893531 , 0.9613600187648575 0.6132795773083445 
0.15027322505454427 0.7175421830370796 , 0.863201898091755 0.7313871549802666 , 0.9698235728976343 0.6053526128437323 
0.14364542701981037 0.7312580432670077 , 0.862990698595395 0.723825994798426 , 0.9766625704287282 0.5991979127956448 
0.13734134771561518 0.7449504087910898 , 0.8640992202504657 0.7146140026394517 , 0.9818581280778527 0.5947175394305371 
0.13135200272653202 0.7586117836443189 , 0.8665987608770824 0.7038064661935363 , 0.9853479324403192 0.5918637010232235 
0.12566826818074187 0.7722350345268126 , 0.8706134713048207 0.6914156383917269 , 0.9870169565583711 0.5906312779425391 
0.12028083697294951 0.7858134620179358 , 0.8763367110913993 0.6774149423953838 , 0.9866811479795848 0.5910535464477591 
0.11518022290613483 0.799340882796913 , 0.8840575618224132 0.6617450664583926 , 0.9840609113153856 0.5931960016057731 
0.1103568180694955 0.8128117138982222 , 0.8941971501641498 0.6443374708555045 , 0.9787447278102884 0.597132766107352 
0.10580101500582596 0.826221050193605 , 0.9073227465380679 0.6252116905994075 , 0.9701749345000399 0.6028492100680661 
0.10150341906631598 0.8395647217458317 , 0.9239275966894408 0.6048334152996678 , 0.957867680288177 0.6098838138155791 
0.09745519029589604 0.8528392951497062 , 0.9432757382681599 0.5849192821069569 , 0.9425677674798779 0.6165233736044156 
0.09364845871924965 0.8660419271872172 , 0.9624436765931373 0.5677824365021826 , 0.9272065607315468 0.620457587171679 
0.09007640518647311 0.8791700567054495 , 0.9793779992040796 0.5538577470419127 , 0.9138442916533811 0.6212541471137167 
0.08673289913755941 0.8922211997863707 , 0.9936744836010237 0.5425776184268586 , 0.9028913133053507 0.6194831326478497 
0.08361213410439063 0.9051929174087716 , 1.0054556992878305 0.5333833855871616 , 0.8942308626517126 0.6157056478651458 
0.08070840262365618 0.918082855501094 , 1.014909392173191 0.525880711755408 , 0.8876809012470864 0.610318383604577 
0.07801597742010737 0.9308888020548951 , 1.0221824299049749 0.5198036867390751 , 0.8831002887188514 0.6035894620671088 
0.07552905996689982 0.9436087415100008 , 1.0273645168697327 0.5149720517846144 , 0.8804051192073011 0.5957011575664638 
0.07324177185620198 0.9562408992532967 , 1.0304890726453126 0.5112625078267521 , 0.8795678515424191 0.5867785437810302 
0.07114817401799237 0.9687837734637228 , 1.0315339344052337 0.5085907229738186 , 0.8806165876207076 0.5769074544235376 
0.06924230432030073 0.9812361532523952 , 1.0304173672992747 0.5068994456317869 , 0.8836390244243582 0.5661463519768969 
0.0675182274594873 0.9935971227169296 , 1.0269873283416844 0.5061489210724375 , 0.8887931402427619 0.554535907071712 
0.06597009349362429 1.005866050540198 , 1.0210022324728858 0.5063050172266755 , 0.8963263700774236 0.5421108830942055 
0.06459220356357656 1.018042564006076 , 1.012104270050898 0.5073154280548022 , 0.9066022224294591 0.5289239588002009 
0.0633790836958529 1.0301265042345447 , 0.999807371918579 0.5090470620079759 , 0.9201122404295017 0.5151083846185587 
0.062325569836586193 1.042117854925726 , 0.9836366176872434 0.5111094081497733 , 0.9373365085201041 0.5010546877855799 
0.06142690471119321 1.0540166297801996 , 0.9639731739161075 0.5124732691125304 , 0.9578986174166331 0.48779205196834907 
0.060678813370292066 1.065822712936704 , 0.9436803585657279 0.5116360534548543 , 0.9789395241079138 0.47682318446952093 
0.06007743657647238 1.0775357508421868 , 0.925847254154791 0.508342608500162 , 0.9973740053126705 0.46840359151873046 
0.059619124816816374 1.089155233077118 , 0.9112483728942595 0.5032508461965955 , 1.012431198332858 0.46187587158736565 
0.05930029438725848 1.1006806352557001 , 0.8996848867642872 0.4969390888786764 , 1.0243135148923883 0.45666222672670254 
0.05911737571849746 1.112111516391462 , 0.8908317911832281 0.4897809638517311 , 1.0333495291422083 0.4523894706178858 
0.05906680904130339 1.1234475708344773 , 0.8844294954695225 0.4820153959797087 , 1.039802391533108 0.4488189840468929 
0.059145059811504544 1.134688650793865 , 0.8803043102828724 0.47380347628058556 , 1.0438493259495571 0.44578982378662857 
0.05934864123222459 1.1458347703991494 , 0.8783592038474126 0.46526195778166496 , 1.0455908509642968 0.4431852226802647 
0.05967413804772257 1.156886097816514 , 0.8785648932072214 0.4564832934444154 , 1.04505966478899 0.4409125596001496 
0.06011822885460563 1.16784293932763 , 0.880956893708757 0.4475493834873329 , 1.0422235734805714 0.4388896280461162 
0.06067770564155596 1.178705717699057 , 0.8856395882841182 0.4385437418463649 , 1.03698140211826 0.4370324913156573 
0.061349489976359535 1.1894749460642293 , 0.8927977484477764 0.4295664906862249 , 1.0291514576197982 0.435240514110625 
0.06213064550777454 1.2001511975836985 , 0.9027139365851687 0.4207589508404098 , 1.0184541139509908 0.4333718024369709 
0.06301838622952964 1.2107350701216775 , 0.9157765209397752 0.4123514612607595 , 1.0045037888746293 0.4311954194786423 
0.06401007883857068 1.221227144009363 , 0.9323916645899964 0.40475924247611966 , 0.986896952615367 0.42829556437559674 
0.0651032341120936 1.2316279307074778 , 0.9524213821921375 0.398711118088707 , 0.9657740797397032 0.4239429020648946 
0.066295474301369 1.2419378186508585 , 0.9735895913395387 0.3949521661995871 , 0.9434136304030266 0.4173919660106338 
0.06758446522693307 1.2521570618564062 , 0.9922362570885392 0.39307723723297816 , 0.9234779737284621 0.40904765177169505 
0.06896786369294981 1.2622858580050524 , 1.0070881731516796 0.3921154573352409 , 0.907242659199305 0.39988063552078607 
0.07044332640445766 1.2723244310392008 , 1.01837342085593 0.3914687715999754 , 0.8944819487835468 0.3904887482219033 
0.07200854045840505 1.2822730668470135 , 1.026545771795707 0.3908380956563279 , 0.8847443837898227 0.3811707883577381 
0.07366124988280355 1.2921321195959543 , 1.0319738929914613 0.3900628908208879 , 0.8776635531696698 0.37208694044423724 
0.07539927431183713 1.3019020051062629 , 1.034913535601849 0.3890418840895935 , 0.8729858861302484 0.3633380616652231 
0.07722052087907899 1.3115831889722005 , 1.0355260316105648 0.38769693942086664 , 0.8705521435542909 0.35500182246801243 
0.07912299081452402 1.3211761728594043 , 1.0338959919437092 0.38595438614475613 , 0.8702797132857014 0.34715139185691923 
0.08110478189060856 1.3306814805494713 , 1.0300413626034968 0.38373250650114515 , 0.8721525515498292 0.3398679638104631 
0.0831640874768974 1.3400996444637827 , 1.0239159389163157 0.38092958618746015 , 0.8762186696507214 0.3332527202098367 
0.0852991926028606 1.349431193007838 , 1.0154052296744336 0.37740833761269915 , 0.8825942737666403 0.32744242024054254 
0.0875084670408407 1.3586766389270706 , 1.0043178881724948 0.3729715562126942 , 0.8914723408305991 0.3226337557213149 
0.08979035490061696 1.3678364689278808 , 0.9903837809114365 0.3673215996665826 , 0.9031245602318811 0.3191238822666162 
0.09214335939172939 1.3769111352690926 , 0.973313388374106 0.36000021629250967 , 0.9178419482780993 0.31737059929947725 
0.0945660200842912 1.3859010515417296 , 0.9531554621801082 0.3503750380281519 , 0.9355772137795353 0.3180058612911981 
0.09705687941724389 1.3948065992032852 , 0.9315101266597944 0.3381175063819291 , 0.9547316899668964 0.32135784527586525 
0.09961444614403012 1.4036281572964127 , 0.9118940941922484 0.3244138333799172 , 0.9717901557076561 0.32623996018474966 
0.1022371959114312 1.4123661443094564 , 0.8960256791749723 0.31086884947866733 , 0.9850358209575312 0.3310469570729559 
0.10492361205646672 1.4210210272283088 , 0.8837125220945662 0.29818060931490814 , 0.9946625618929018 0.3350803143178627 
0.1076722190847307 1.4295933058470889 , 0.8744155003346564 0.2865491975661467 , 1.0012109766245476 0.3381394474478441 
0.11048159907864007 1.4380834944766574 , 0.8676918856936985 0.2760202101272323 , 1.0051252112715963 0.34017824625719 
0.11335039747606275 1.4464921070956305 , 0.8632322398687732 0.2666044714013367 , 1.0067160586990989 0.3411853723641127 
0.11627732308583762 1.4548196462332135 , 0.8608329333844538 0.25831667748940157 , 1.0061884395736433 0.34114562713846475 
0.11926114490516912 1.463066594937712 , 0.8603703446377675 0.2511899733243636 , 1.0036672065009982 0.34002538259900433 
0.12230068705132428 1.471233411243224 , 0.8617845003031704 0.24528461282088335 , 0.9992135086894401 0.3377639267969727 
0.12539482247930897 1.4793205247495942 , 0.8650707374110541 0.24069732480525086 , 0.9928331361535718 0.3342641013062349 
