0.3547707959731251 0.860207144138435 , 0.7361387299156873 0.5597946101616622 , 0.035785432622820745 0.29602443612178597 
0.35891612810104084 0.8721583871160646 , 0.7289219810603249 0.5511501464221636 , 0.03885684935026738 0.2927176568836549 
0.3632508837088123 0.8836596321798413 , 0.7212413254128028 0.5426997181350788 , 0.04220274939001797 0.28966684010696314 
0.36776366013247436 0.8947083866579449 , 0.7131082251839068 0.5344503549863421 , 0.045823073195251876 0.2868674487775961 
0.3724424902675936 0.9053028888068883 , 0.7045334673505474 0.5264075446606453 , 0.049719000893492085 0.2843157569543496 
0.3772750155530913 0.9154420591640209 , 0.6955270038847309 0.5185752925831664 , 0.05389293907381091 0.2820088386746959 
0.38224862801461534 0.9251254489930347 , 0.6860977985454858 0.5109561744701484 , 0.05834853195153197 0.27994456695870007 
0.3873505858351529 0.9343531880954149 , 0.6762536751227783 0.503551378220611 , 0.06309069755370181 0.2781216241058572 
0.3925681064851086 0.9431259336945053 , 0.6660011613796601 0.4963607318694272 , 0.06812569064686438 0.2765395248579507 
0.39788844100768284 0.9514448216226953 , 0.6553453221304998 0.4893827142611629 , 0.07346119537345054 0.275198654538025 
0.40329893263449584 0.9593114206527216 , 0.6442895737975778 0.4826144447469721 , 0.07910645207955946 0.2741003250221895 
0.40878706251260766 0.9667276905028983 , 0.6328354712506883 0.47605164748131534 , 0.0850724247483371 0.2732468524376695 
0.41434048496485343 0.973695943802682 , 0.6209824555436945 0.46968858468729946 , 0.09137201800308518 0.2726416619319017 
0.4199470543849374 0.9802188121181308 , 0.6087275480154479 0.46351795138690294 , 0.09802035611124776 0.27228942691684943 
0.42559484558884925 0.9862992159957075 , 0.596064971668511 0.4575307212625025 , 0.10503514125427282 0.27219625316367324 
0.4312721692052208 0.991940338877516 , 0.5829856740836901 0.4517159290535747 , 0.11243711522272219 0.27236992249079245 
0.43696758348887227 0.9971456046625375 , 0.5694767162773443 0.4460603684130998 , 0.12025065874541653 0.27282021734624573 
0.4426699037837179 1.0019186586288065 , 0.5555204770951033 0.4405481741314922 , 0.12850457763281184 0.2735593576615843 
0.44836821074404437 1.0062633513835606 , 0.5410936000385939 0.4351602418004533 , 0.1372331477289948 0.274602597237869 
0.4540518583495723 1.0101837254653427 , 0.5261655738902783 0.4298734122747964 , 0.14647752627178245 0.2759690526817437 
0.4597104827259124 1.0136840041765287 , 0.510696781533111 0.4246593052224971 , 0.15628769425260958 0.2776828810228571 
0.4653340128206756 1.0167685821677717 , 0.49463575763745216 0.4194826113393535 , 0.1667251880535053 0.27977499691475766 
0.47091268411072496 1.0194420172140608 , 0.4779152375420928 0.41429851793719613 , 0.17786703685881533 0.2822856552706259 
0.4764370567736016 1.0217090224924088 , 0.4604463054440478 0.4090486880469011 , 0.1898115962939837 0.2852684798825729 
0.48189804023441046 1.0235744584481148 , 0.4421094674802097 0.40365470829790157 , 0.20268745079701292 0.28879702367586657 
0.4872869268762453 1.0250433229197995 , 0.4227406368854157 0.398006865337515 , 0.21666739474997207 0.2929760021645684 
0.4925954393549697 1.0261207373375654 , 0.4021087254229354 0.39194379262334017 , 0.23199079373372802 0.2979616604609774 
0.497815799239841 1.0268119248416483 , 0.3798807942050936 0.38521333627800197 , 0.2489983650666986 0.3040009293022326 
0.5029408316408326 1.0271221710064873 , 0.35558069065889303 0.37739484229219356 , 0.26817343621190753 0.31150917712320214 
0.5079641358416644 1.0270567421264047 , 0.3286466638508621 0.3677671214045087 , 0.29008415881910665 0.32120232689096945 
0.5128803817779558 1.0266206814998204 , 0.29935046372671076 0.35542151620702855 , 0.3144641130069667 0.3339839927150339 
0.5176857686903595 1.0258182388066703 , 0.27148137826346286 0.34132220222997944 , 0.33752781155781086 0.3488857493852332 
0.5223781139157354 1.024651825005548 , 0.24748892912067258 0.32783261718067974 , 0.3568279154752253 0.3635417482356551 
0.5269561162177725 1.023121683592185 , 0.22664830821973483 0.3155130368338021 , 0.37309053407412596 0.3773914699958959 
0.5314187847974275 1.0212261754153402 , 0.2080826021126553 0.30427938140730176 , 0.38719357160155043 0.390520633599241 
0.535765168024828 1.0189620152676206 , 0.19120722992156342 0.2939722433293218 , 0.39972256056524186 0.4030919318249405 
0.5399942139668278 1.0163243917993263 , 0.17564409019288485 0.2844547258363283 , 0.4110566543519206 0.4152470727862284 
0.544104684814158 1.0133070017140107 , 0.1611391510324506 0.27561988709339363 , 0.4214511226650247 0.4270993016144788 
0.548095093857075 1.0099020202736622 , 0.14751399309608879 0.26738475353355873 , 0.43108587155846956 0.4387394166146622 
0.5519636507085404 1.006100018245345 , 0.1346382457354428 0.2596840782642615 , 0.4400930620676502 0.45024209391227654 
0.5557082069470529 1.0018898275964159 , 0.12241341418502646 0.25246563355524015 , 0.44857333737955396 0.461670729270227 
0.5593261968411787 0.9972583526708053 , 0.11076298344137266 0.2456868716090884 , 0.456605778229082 0.4730809661419893 
0.5628145685512261 0.9921903186927785 , 0.09962611059834744 0.2393125692274425 , 0.46425427936205976 0.4845233025016619 
0.5661697009480479 0.9866679441822491 , 0.08895345402323793 0.23331314759685806 , 0.4715718035403476 0.4960450986427758 
0.5693873001541385 0.9806705173050904 , 0.07870432502035725 0.2276634535626976 , 0.47860333333713767 0.507692219554095 
0.5724622680236588 0.9741738472483019 , 0.068844687063035 0.2223418597354582 , 0.4853880034249396 0.5195104834381229 
0.5753885317298475 0.9671495488789335 , 0.05934571540852901 0.21732958835219118 , 0.49196071137325686 0.5315470531907583 
0.5781588188186549 0.959564099827433 , 0.05018273763573163 0.21261019486819252 , 0.4983534020572468 0.5438518957262576 
0.5807643544340249 0.9513775797760949 , 0.04133443961746822 0.20816916751461617 , 0.5045961644601403 0.5564794431311719 
0.5831944449766632 0.9425419553384748 , 0.032782260642246513 0.20399361240923164 , 0.5107182528927238 0.5694906226741766 
0.5854358916350364 0.932998698428817 , 0.024509926128396 0.20007200273041917 , 0.516749140748201 0.582955489262647 
0.5874721411692528 0.9226753993521899 , 0.01650308239856331 0.19639397651938711 , 0.5227197349438173 0.5969568145503061 
0.589282016397761 0.9114808162692727 , 0.008749008648280364 0.19295017184642396 , 0.528663933465592 0.6115952023061865 
0.5908377466731413 0.8992974093058961 , 0.0012363885546159657 0.18973209098930302 , 0.5346208232838762 0.626996690126684 
0.5921017775284633 0.8859696818762461 , -0.006044870808509272 0.18673198732725174 , 0.5406380517916795 0.6433245212183852 
0.5930213390960751 0.8712852955593086 , -0.01310378108261739 0.183942770111367 , 0.5467774004981757 0.6607981247512075 
0.5935186775169856 0.854943510293585 , -0.019948380577641735 0.18135792329889366 , 0.5531246615722896 0.6797247568294044 
0.5934725793747553 0.836502567284054 , -0.02658580888635087 0.17897143534396284 , 0.5598081880232291 0.7005521877938661 
0.5926834878667356 0.8153067222795313 , -0.03302234264286384 0.17677773732794103 , 0.5670338132877617 0.7239417308144106 
0.5908294847293827 0.7905360814579034 , -0.03926337354314653 0.17477164744654206 , 0.5751288473253974 0.7507184615174374 
0.5876651682251186 0.7625833176510062 , -0.0453132802537068 0.17294832284899342 , 0.5843430705402218 0.7804945499218832 
0.5840886662328979 0.7362467917559439 , -0.05117514928572069 0.17130323536795852 , 0.5937814415644564 0.8084761632979803 
0.5809224919276901 0.7136326685958091 , -0.05685074113545902 0.16983218762352842 , 0.6026232077194026 0.8325613342025452 
0.5782121885516358 0.6940076771750906 , -0.062340953047906725 0.16853128535759737 , 0.6108237230079046 0.8534872278891947 
0.5758593864193023 0.6765795292967386 , -0.06764617273956106 0.1673968850246891 , 0.6184817448318923 0.872049776100455 
0.5737736086432406 0.6608082602624088 , -0.0727664634318895 0.16642555339083862 , 0.6256878133002826 0.8887923767686352 
0.5718862326945269 0.6463335508221193 , -0.07770166450713886 0.16561403923918327 , 0.6325103903242456 0.90407860036058 
0.5701459264761488 0.6329065896283496 , -0.08245145045046896 0.16495925312859466 , 0.6390004824859538 0.9181603476649383 
0.5685135599709724 0.6203486825931213 , -0.08701536721025709 0.16445825237502926 , 0.6451967657509182 0.931219255453732 
0.5669585602751673 0.608526914376541 , -0.09139285526505905 0.16410822950846965 , 0.6511292535015253 0.9433910465368718 
0.5654564635831578 0.5973394446968314 , -0.09558326433382569 0.16390650311529206 , 0.6568217592623015 0.954780242609759 
0.5639872686826074 0.586706281571943 , -0.09958586255878775 0.1638505103645442 , 0.662293552387814 0.9654693984853953 
0.5625343082931291 0.5765632705793722 , -0.10339984188150267 0.16393780075282505 , 0.6675604921000071 0.9755251190896853 
0.5610834570094937 0.5668580437938747 , -0.1070243207067424 0.16416603075102607 , 0.6726358222088823 0.9850021158769817 
0.5596225621453914 0.5575472061040444 , -0.11045834457473905 0.16453295913263632 , 0.6775307409409813 0.9939460251852017 
0.558141025459756 0.5485943286083558 , -0.11370088532760843 0.1650364428276127 , 0.6822548183794862 1.0023954189859139 
0.5566294892896905 0.5399684839605794 , -0.11675083910246686 0.16567443318963251 , 0.6868163083244101 1.0103832732716704 
0.5550795964484966 0.531643155183936 , -0.11960702338003475 0.16644497259492874 , 0.6912223854431718 1.0179380626430177 
0.5534838032460403 0.5235954078612548 , -0.12226817324509409 0.16734619131226217 , 0.6954793285106875 1.0250845912483655 
0.5518352314325567 0.5158052519313591 , -0.12473293696306234 0.1683763045987415 , 0.6995926640421393 1.031844633891782 
0.5501275491054897 0.5082551425299472 , -0.12699987093832843 0.16953360998702505 , 0.7035672803444725 1.0382374379049104 
0.548354873461876 0.500929584505729 , -0.1290674340904636 0.1708164847371772 , 0.7074075191402214 1.0442801211789765 
0.5465116902208361 0.4938148154094175 , -0.130933981661037 0.17222338343196447 , 0.7111172499518346 1.0499879915805008 
0.5445927858899294 0.48689854869455806 , -0.132597758444517 0.1737528356982465 , 0.7146999310662213 1.0553748060290782 
0.5425931900009308 0.4801697636958161 , -0.13405689142018917 0.17540344403975724 , 0.7181586599308921 1.0604529826863094 
0.5405081251212769 0.47361853236311774 , -0.13530938174710921 0.17717388176826152 , 0.7214962151374661 1.0652337762905035 
0.5383329629400145 0.46723587518045295 , -0.13635309607000914 0.1790628910210057 , 0.7247150916416284 1.0697274242204242 
0.5360631850870216 0.4610136404826779 , -0.13718575707011932 0.18106928085268117 , 0.7278175304947316 1.0739432690865238 
0.533694347609107 0.4549444027004018 , -0.13780493318046558 0.18319192538986248 , 0.7308055440829925 1.0778898623316187 
0.5312220482221124 0.4490213760465938 , -0.13820802736981141 0.18542976203509715 , 0.733680937659333 1.081575052340192 
0.5286418956021854 0.44323834090170106 , -0.13839226488249118 0.18778178970650872 , 0.7364453277919396 1.085006059813673 
0.5259494800844473 0.43758958072175874 , -0.13835467980235405 0.19024706709688802 , 0.7391001582295407 1.088189542603236 
0.5231403452120412 0.43206982773222585 , -0.1380921002872744 0.1928247109337154 , 0.7416467135868671 1.0911316517559415 
0.5202099596290765 0.4266742160121635 , -0.13760113229545162 0.19551389421826548 , 0.744086131178009 1.0938380801914538 
0.5171536888413756 0.42139824084293515 , -0.1368781415951616 0.1983138444177346 , 0.7464194112654199 1.096314105161213 
0.51396676638183 0.4162377234105805 , -0.13591923381468524 0.20122384157898332 , 0.7486474259444891 1.098564625432319 
0.5106442639140346 0.41118878012464505 , -0.13472023224755042 0.204243216325713 , 0.7507709268451497 1.1005941939715247 
0.5071810597891918 0.4062477959586069 , -0.1332766530783875 0.20737134769231366 , 0.7527905518008295 1.1024070467709621 
0.5035718055366303 0.40141140133594233 , -0.13158367763462112 0.21060766073672393 , 0.7547068306096246 1.1040071283492163 
0.4998108897163514 0.39667645218753445 , -0.12963612119636997 0.21395162386076172 , 0.7565201899916524 1.1053981143735865 
0.4958923984905185 0.3920400128957135 , -0.1274283978080798 0.21740274574862284 , 0.7582309578291951 1.1065834317775463 
