0.3805649056565914 0.013450996825056016 , 0.3604741120146777 0.9496012736298114 , 0.05679728167494413 0.011704024702282378 
0.3857621508125807 0.011971204692191095 , 0.35776952064416134 0.9625683101257556 , 0.054304627889471234 0.0002167803392031046 
0.3901588542792543 0.010571848990890694 , 0.3550390244182723 0.9753343324492508 , 0.05263842064868671 -0.011149886282991673 
0.39378238757954936 0.009228503987450473 , 0.3522852229584659 0.9879062758011858 , 0.05176868880819799 -0.02237848463148652 
0.3966544904782944 0.007918634824826756 , 0.34951044807958814 1.0002905796473336 , 0.05167136078833075 -0.033452919315010654 
0.3987919634141187 0.0066209159776833525 , 0.34671679365974467 1.0124932382958227 , 0.052327542272349904 -0.04435785911635634 
0.4002071746066784 0.0053146644556436255 , 0.3439061415672288 1.0245198451371442 , 0.053722983172306116 -0.055078214435638206 
0.40090841741107724 0.003979341092488244 , 0.3410801842034223 1.0363756315404475 , 0.05584769773171377 -0.0655986774757861 
0.40090014207781655 0.002594083893722177 , 0.3382404441433552 1.0480655012255047 , 0.05869571312504156 -0.07590328996207718 
0.4001830773371702 0.0011372428505721512 , 0.3353882912870082 1.059594060790451 , 0.06226493072203492 -0.08597500848387359 
0.39875425020093297 -0.0004141128658743461 , 0.3325249578750012 1.0709656469638884 , 0.06655709127027915 -0.09579523894086438 
0.3966069063544283 -0.002084746399525622 , 0.3296515516717005 1.0821843510604696 , 0.07157784132008452 -0.10534330950379435 
0.3937303279688326 -0.0039019001664386014 , 0.3267690675763069 1.0932540410472664 , 0.07733690380107379 -0.11459584572367826 
0.390109540315664 -0.005896085416638431 , 0.32387839788740713 1.1041783815706814 , 0.0838483611431422 -0.12352600099689337 
0.3857248930055735 -0.008102078462266953 , 0.3209803414181418 1.1149608522478778 , 0.09113106492249803 -0.1321024786284612 
0.3805514961257258 -0.010560214430350075 , 0.31807561163715375 1.1256047644907758 , 0.09920919158333377 -0.14028825490327623 
0.3745584868938977 -0.013318111782419253 , 0.31516484399476496 1.1361132771032585 , 0.10811296845755067 -0.14803887016368975 
0.3677081014027302 -0.016433028621833413 , 0.31224860258485954 1.1464894108724306 , 0.1178795953586236 -0.15530008709344767 
0.35995453587430126 -0.019975161974615845 , 0.309327386291996 1.1567360623619936 , 0.12855437717991602 -0.16200460523022822 
0.351242621369675 -0.024032383383655136 , 0.3064016345829801 1.1668560171095395 , 0.14019204339355826 -0.16806733856873474 
0.34150645365738413 -0.02871720933776017 , 0.3034717331275094 1.1768519624289733 , 0.15285811256131976 -0.1733784579340635 
0.33066844402969975 -0.0341773164462709 , 0.3005380194829289 1.1867265000217322 , 0.16662983583358465 -0.17779288841831176 
0.31864013550281195 -0.04061173775010737 , 0.2976007891711944 1.1964821585978374 , 0.18159537467220693 -0.1811141256905804 
0.3053285384645078 -0.048296017858314375 , 0.29466030264512727 1.206121406675541 , 0.1978474582365782 -0.183069093660077 
0.2906584543453271 -0.057620123677958913 , 0.29171679394799904 1.2156466655933176 , 0.21546105105288713 -0.18327024675820908 
0.27463969074623434 -0.06913675683165954 , 0.2887704824195821 1.2250603223123977 , 0.23442612618039688 -0.1811672703235885 
0.25755125617311686 -0.0835760116281485 , 0.2858215896866148 1.234364740173474 , 0.25446345348648164 -0.17603243338817592 
0.24034190382717843 -0.1016154384411087 , 0.2828703649406912 1.2435622617496955 , 0.2746240305783437 -0.16719052815143728 
0.2249150473112214 -0.12300639884229182 , 0.2799171184788912 1.2526551893817524 , 0.2930041335561007 -0.154892495382311 
0.2129671442987872 -0.14597327194190618 , 0.27696224662178354 1.2616457277200253 , 0.3079069084256426 -0.1409161606209695 
0.20463542201530577 -0.16869770880260387 , 0.2740062167621128 1.2705359178756699 , 0.31919466056879475 -0.12708191391591653 
0.19922942243639474 -0.1903123948181043 , 0.2710495247683732 1.2793276198984076 , 0.3275573521414454 -0.11425892992315376 
0.19604121634869828 -0.2105682173798477 , 0.26809266054860753 1.2880225345781358 , 0.3337024224489075 -0.10269802204113859 
0.19453872518515306 -0.22946070816185668 , 0.2651360893788962 1.2966222340107236 , 0.33816148478216407 -0.0924052306917176 
0.19434581233176362 -0.24706285255833885 , 0.2621802435649397 1.3051281884225594 , 0.34131024344951005 -0.08330904070707112 
0.19519566755235893 -0.2634639733819805 , 0.25922551958850487 1.3135417872152806 , 0.3434151122053496 -0.07532151867615067 
0.19689483414184547 -0.2787492046954744 , 0.25627227802069535 1.3218643550332552 , 0.34466918718367257 -0.06835885518063146 
0.1992993364856853 -0.2929935502141213 , 0.25332084480564726 1.3300971640225945 , 0.34521611805488084 -0.062347318651323834 
0.20229925101497187 -0.3062610466903653 , 0.25037151320004347 1.3382414432569818 , 0.345165535131198 -0.057224101409467085 
0.20580864326571793 -0.31860559408921985 , 0.24742454599697647 1.34629838605623 , 0.34460311008351896 -0.05293649680986075 
0.20975886744963515 -0.3300722035390015 , 0.2444801778382669 1.3542691557224533 , 0.3435972540583113 -0.04944065702630237 
0.2140939958878246 -0.3406982219632916 , 0.24153861751158817 1.3621548900727702 , 0.34220368594680056 -0.04670037295232923 
0.21876762355301607 -0.35051439454497024 , 0.23860005017847558 1.3699567050443877 , 0.3404686256147217 -0.04468601534226795 
0.22374057932821834 -0.3595457380355579 , 0.23566463950668004 1.3776756975752737 , 0.338431080511315 -0.043373664382566304 
0.22897924730028038 -0.3678122366288806 , 0.23273252969562855 1.3853129479120085 , 0.33612452235030443 -0.042744416125978305 
0.2344543057390399 -0.37532938262539883 , 0.22980384739235957 1.3928695214592548 , 0.3335781462148139 -0.04278384367670633 
0.24013975590257858 -0.38210858404809656 , 0.22687870350013123 1.400346470258179 , 0.3308178399435035 -0.043481591052932714 
0.2460121533393708 -0.3881574576802921 , 0.2239571948845669 1.40774483416106 , 0.3278669511222756 -0.04483108132361831 
0.25204998014526214 -0.3934800213489191 , 0.2210394059836293 1.4150656417542076 , 0.32474691321732185 -0.04682932524813873 
0.25823311307909586 -0.3980767945984846 , 0.2181254103284349 1.4223099110697297 , 0.32147777593868254 -0.04947682131409524 
0.2645423527271968 -0.4019448123966639 , 0.2152152719822508 1.429478650117672 , 0.3180786746367657 -0.0527775425638583 
0.2709589848805026 -0.4050775520840369 , 0.21230904690515184 1.4365728572628427 , 0.31456826756055883 -0.0567390100216561 
0.2774643479431496 -0.40746476918657526 , 0.20940678425187312 1.443593521464733 , 0.3109651671511905 -0.06137245712100824 
0.28403937991350414 -0.40909223261659583 , 0.20650852761045252 1.4505416223939125 , 0.30728839182225653 -0.06669309462016716 
0.2906641151294231 -0.409941343769556 , 0.20361431618937434 1.457418130433782 , 0.30355786802741574 -0.07272049150707659 
0.29731709383523636 -0.4099886165345928 , 0.2007241859611367 1.464224006572303 , 0.2997950195498401 -0.07947909488056057 
0.30397463521187035 -0.40920498557454477 , 0.1978381707705115 1.4709602021839605 , 0.2960234933638313 -0.08699892145226627 
0.31060990408936995 -0.40755489751600604 , 0.19495630341627296 1.4776276586974249 , 0.29227009184057023 -0.09531646602426933 
0.31719166832375295 -0.4049951229183319 , 0.19207861671586723 1.484227307138653 , 0.28856601430659296 -0.10447588906317157 
0.32368258924666715 -0.40147320525718055 , 0.18920514456339002 1.4907600675319175 , 0.284948565536156 -0.11453056711758738 
0.33003679633978716 -0.39692543718032774 , 0.18633592299230514 1.4972268481314495 , 0.28146358001412086 -0.12554511579397218 
0.33619634114636565 -0.39127422929074845 , 0.1834709912554449 1.503628544442553 , 0.27816896694440263 -0.13759801999465496 
0.3420858516772955 -0.38442473321484555 , 0.18061039293561276 1.5099660379707132 , 0.27514005473330494 -0.150785009598718 
0.3476042179764908 -0.3762606656603309 , 0.17775417709959584 1.5162401946062847 , 0.2724779042701265 -0.16522323378880427 
0.3526112501351621 -0.3666396622932652 , 0.17490239950416153 1.5224518625038854 , 0.2703226497068896 -0.18105590505347066 
0.3569056683792754 -0.35538981929532165 , 0.17205512384855834 1.5286018692379817 , 0.26887550711837943 -0.1984557547855105 
0.3601882903269863 -0.3423133977149347 , 0.1692124230285264 1.534691017891009 , 0.2684355859907005 -0.2176213250189246 
0.362002399838568 -0.3272172823914265 , 0.16637438024105378 1.5407200815361835 , 0.26945951926659134 -0.23874650398760738 
0.3616550656099606 -0.31002956748215177 , 0.1635410895114404 1.5466897953300467 , 0.2726401442248122 -0.2619039326907454 
0.3582132982761287 -0.29114209863022555 , 0.16071265452226455 1.5526008454109534 , 0.27891034654781993 -0.28670245162357844 
0.35096075667968385 -0.27201267022565373 , 0.1578891832676391 1.558453855448684 , 0.2889863593988902 -0.31168489006588085 
0.34046689106920236 -0.25492694140978445 , 0.15507077572643763 1.5642493785269902 , 0.30229863255057315 -0.33456614196005635 
0.32836269206123875 -0.24116530330058406 , 0.15225750922502754 1.5699879084834447 , 0.3172160980599469 -0.3540663100257112 
0.315933315167736 -0.23063791755298582 , 0.14944943361425897 1.5756699058129358 , 0.3324535505642182 -0.37027569310280045 
0.3038227589937701 -0.22279871726040915 , 0.14664657592657446 1.5812958183165717 , 0.3473669644258686 -0.38374080589901316 
0.29230211055784355 -0.2171193505988177 , 0.14384894722645344 1.5868660917479107 , 0.36168524156191617 -0.39499044599194355 
0.28147198948747676 -0.21318633306971788 , 0.14105654842729803 1.5923811741848857 , 0.3753077614314384 -0.4044385459580184 
0.27135947604382776 -0.21069045066801084 , 0.138269374630509 1.597841517309619 , 0.3882074486718764 -0.41239477148445886 
0.2619607508617264 -0.2094003636305796 , 0.13548741825471447 1.6032475762607572 , 0.4003881302297723 -0.41909091747302823 
0.25325986327243377 -0.20914046640994327 , 0.13271067127695002 1.6085998088525901 , 0.41186576479682935 -0.42470304728549746 
0.24523713344246253 -0.2097750259780237 , 0.12993912683550246 1.6138986745391106 , 0.4226600390682481 -0.42936735340393745 
0.23787294720319802 -0.21119722346990635 , 0.12717278037167584 1.619144633305721 , 0.4327905717713392 -0.433191114678665 
0.2311494464074815 -0.21332158622023956 , 0.12441163043439325 1.62433814457724 , 0.4422752225043383 -0.43626026319985084 
0.22505124004911778 -0.21607869598205762 , 0.12165567923491467 1.6294796661841133 , 0.4511293800621806 -0.438644675044906 
0.21956565981527998 -0.21941142553290097 , 0.11890493301405833 1.6345696534048166 , 0.45936570651687475 -0.44040193271476596 
0.21468281130225494 -0.22327221315246049 , 0.1161594022672336 1.6396085580899826 , 0.4669940857767245 -0.4415800497803725 
0.21039554452137532 -0.22762105269289365 , 0.11341910186067371 1.6445968278672451 , 0.47402165296416404 -0.4422194800172019 
0.2066994059373267 -0.23242398500057992 , 0.11068405106377092 1.6495349054224306 , 0.4804528423451154 -0.4423546252647012 
0.20359260429915815 -0.23765194592558914 , 0.10795427351625374 1.6544232278510822 , 0.4862894215308011 -0.4420149867683435 
0.20107600797074257 -0.243279871233971 , 0.10522979714437435 1.6592622260736043 , 0.49153049423109607 -0.44122605968248374 
0.1991531847902606 -0.24928598829366158 , 0.10251065403681425 1.6640523243071483 , 0.4961724605191381 -0.4400100408563371 
0.1978304930485718 -0.25565124392856375 , 0.09979688028833592 1.6687939395874671 , 0.5002089260093052 -0.4383864005017537 
0.1971172322297708 -0.26235883071057525 , 0.09708851581708047 1.6734874813342302 , 0.5036305512993617 -0.4363723554665054 
0.19702586392801802 -0.26939378224935173 , 0.09438560415967062 1.6781333509536183 , 0.5064248312585243 -0.43398327354711697 
0.19757231660957997 -0.2767426129513602 , 0.09168819224679933 1.6827319414723736 , 0.5085757904898337 -0.4312330333638638 
0.19877639275407263 -0.2843929798571286 , 0.08899633016067031 1.6872836371978484 , 0.51006357643147 -0.42813436218357015 
0.2006623038181894 -0.29233334363487223 , 0.08631007087441958 1.691788813398958 , 0.510863924653604 -0.42469917460693607 
0.20325936819570736 -0.30055260219709207 , 0.08362946997240715 1.6962478360033275 , 0.5109474611780984 -0.4209389386490858 
0.20660292113028325 -0.30903966261117105 , 0.08095458534893651 1.7006610613063349 , 0.5102787928669932 -0.41686510353801426 
0.21073550525080678 -0.31778290279944676 , 0.07828547688143418 1.7050288356882604 , 0.508815317213972 -0.4124896377316641 
0.21570843885202412 -0.3267694498567466 , 0.07562220607226854 1.7093514953364315 , 0.5065056544219203 -0.4078257503225355 
