0.7870703667754143 0.24327480845533267 , 0.6763564331416628 0.2788702449535133 , 0.8237734793512503 0.8110236026481036 
0.7928380110748433 0.24557462328564164 , 0.680008685044756 0.2809222252247923 , 0.8143535831487281 0.8066718075465156 
0.7955788121621039 0.24912876306156295 , 0.6867793463334455 0.2823352657853399 , 0.804842120772778 0.8017046272100466 
0.7951934550955017 0.2539505501917429 , 0.6967555760171822 0.28311891116182814 , 0.7952512481556436 0.7960991947033785 
0.7914643661836573 0.26008670675608575 , 0.7101410480907469 0.28325276635206076 , 0.7855948649939232 0.7898291829488031 
0.7841106588956503 0.26759237040870343 , 0.7272004910299659 0.28271165244670143 , 0.7758891293427111 0.7828646332015448 
0.7731098869674026 0.27642162699632533 , 0.7479375125640815 0.2815749705381167 , 0.7661528797368433 0.7751720585225076 
0.7598167800198847 0.28609791624616454 , 0.770975816924578 0.2803557338304081 , 0.7564076823238648 0.766715005980377 
0.7476108423246428 0.29561951103426093 , 0.7929121856699618 0.28009419353067566 , 0.7466772512737229 0.7574549514920131 
0.7387276382629407 0.304439760129595 , 0.8114856150669618 0.2813776731633394 , 0.7369870259384249 0.7473512227640153 
0.7334971848631429 0.31257472364961253 , 0.8263380593296619 0.2842347172168565 , 0.7273650350755226 0.7363592151904808 
0.7316891838745233 0.320175898447261 , 0.8376674012412351 0.2885646060219406 , 0.717843694152569 0.7244281515877481 
0.733059378253467 0.3273822048044053 , 0.8456786532076433 0.2942874491992238 , 0.708462247807217 0.7114990020533206 
0.7374618875404207 0.33429667025685855 , 0.8504683389731765 0.30136938639177757 , 0.6992700527547301 0.6975025994083136 
0.7448612573853117 0.3409864376149261 , 0.8520079378071241 0.30982416644517324 , 0.6903310840758915 0.6823580519968504 
0.7553286352118396 0.3474823414533445 , 0.8501415307247647 0.31971448403257213 , 0.6817301133317232 0.6659718305710332 
0.7690250194884098 0.35377593604788105 , 0.8445943615767775 0.33115443499283953 , 0.6735808982031402 0.6482382850162292 
0.7861015128139635 0.35983014721233425 , 0.8350625976017956 0.34429591022837835 , 0.6660361688525683 0.6290425986162371 
0.8062258460497181 0.3656836666014098 , 0.8216764968858532 0.35921870036524495 , 0.659297936332756 0.608266289090295 
0.827292175260656 0.37180896111708794 , 0.8062820075203568 0.37556865640570214 , 0.6536260964873145 0.5857910385341597 
0.8457040742907305 0.3791351459623301 , 0.7921451319776761 0.39254137245338205 , 0.6493510729999208 0.5614921376412376 
0.8596834555849375 0.3881401142995585 , 0.7806035669383979 0.40979551986834 , 0.646913256744992 0.5352330218890512 
0.8690083517398922 0.3988361569997267 , 0.7712507835433788 0.42742573210064716 , 0.6469411439850564 0.5069067669565759 
0.8737977241076452 0.4110866216359349 , 0.7630643331224496 0.44547642122892034 , 0.6503382220382327 0.47660561319209443 
0.8741295235987672 0.4246976136869829 , 0.7548683467464095 0.46342358285750895 , 0.658202408923151 0.44504745951245783 
0.8699854318929349 0.43939667975814534 , 0.7460623404983827 0.47976655182185957 , 0.67115250687701 0.41400542447694477 
0.8612771442564088 0.4547804680051837 , 0.7373904106606661 0.49286269791353743 , 0.6885327243512527 0.3855254901382285 
0.8479131051309012 0.4702979837095951 , 0.7302208692595132 0.5021872274486902 , 0.7090663048779131 0.3606834448986644 
0.829893333557686 0.4853223586747891 , 0.7256546797144494 0.5080382363243239 , 0.7316522659961923 0.33980806105783656 
0.8073486183170668 0.4993092586050252 , 0.7245023864744311 0.5109215464645976 , 0.7553492744768298 0.3229378509873267 
0.7804986441533871 0.5118967891421022 , 0.7273980301809841 0.5113933374887385 , 0.7793036049339565 0.3098785294261088 
0.7499800056399005 0.5226859106842437 , 0.7343736924915107 0.5102622920522664 , 0.8028465811369164 0.30022045332043934 
0.7183295490799348 0.5308721657607922 , 0.7433014250364005 0.5088300855885213 , 0.8255693051519923 0.2934664047076359 
0.6893053001090322 0.5360833044779254 , 0.7506149548296546 0.5079231702532727 , 0.847280024329641 0.2891621813257513 
0.6643053864896052 0.5388591499083979 , 0.7549907638743987 0.5073646752599357 , 0.8679041289043239 0.2869448308886158 
0.6432326199493825 0.539805945992231 , 0.7565547353018706 0.506831619014596 , 0.8874129240170747 0.2865310910501224 
0.6257203388208459 0.539344276861574 , 0.7556861232851134 0.5061307280700319 , 0.9057938171623685 0.28769365112534334 
0.6114565132462805 0.5377478795761773 , 0.7527030753735783 0.5051780351402091 , 0.923040690648469 0.2902427413405629 
0.600230198598441 0.5351967519926412 , 0.7478184170829177 0.5039576531176313 , 0.9391516635869691 0.2940142509466769 
0.5919259603795602 0.5318107441438372 , 0.7411451184524991 0.5024953809821442 , 0.9541292004362685 0.2988625309309679 
0.586515885835551 0.5276689219365283 , 0.7327036889066517 0.5008435063687323 , 0.9679807045261252 0.3046562277516886 
0.5840590463633514 0.5228206288571258 , 0.7224223332233471 0.49907200670417023 , 0.9807188996816294 0.31127602049565317 
0.5847104150707633 0.5172919662601508 , 0.710128131932057 0.497263165920001 , 0.9923617322655076 0.3186135238767973 
0.5887379835491461 0.5110907520860204 , 0.6955306154727646 0.4955070291898354 , 1.0029316802464172 0.3265708747810934 
0.596532248874082 0.5042159423126675 , 0.6782136489079196 0.493892017716736 , 1.0124543814863265 0.3350606960275456 
0.6085121450320199 0.49669232716232004 , 0.6577317194229875 0.492470059749808 , 1.0209564148133208 0.34400626914482113 
0.6244887848576076 0.4886979999726582 , 0.6342496157969703 0.49112880299522865 , 1.0284618786137503 0.3533418530890623 
0.6419088778406562 0.4807816100989473 , 0.610303943472178 0.489374085943895 , 1.034987457955494 0.3630129600141068 
0.6571381877101814 0.47344636097835846 , 0.589523951795096 0.486747078420902 , 1.0405381397630509 0.3729752166576886 
0.6691538794086551 0.46670660088166227 , 0.5729377094893345 0.48327183762254283 , 1.0451086903703386 0.3831902175527439 
0.6782416337837655 0.4604411067313519 , 0.5602704945588942 0.4791061807453096 , 1.0486881509256687 0.3936213685802875 
0.6848354144046975 0.45455630874395914 , 0.5511016407513727 0.4743806799837572 , 1.0512632241122581 0.40423166732923266 
0.6892682775516362 0.4489989403124449 , 0.54511163937223 0.46918688004648673 , 1.0528203623444623 0.41498283569801736 
0.691753926573221 0.44374540169465704 , 0.5420993187932817 0.46358807689447284 , 1.0533470339018258 0.4258351774678191 
0.6924015964076581 0.43879224300138325 , 0.5419662318312016 0.45762859514648235 , 1.0528324510294687 0.43674781790908335 
0.6912268666962265 0.4341495978467003 , 0.544705520129841 0.45133992676925777 , 1.051267892442261 0.44767913144099086 
0.6881526407417536 0.42983648814026953 , 0.550400965293866 0.4447449437647249 , 1.0486466732327089 0.45858722415195446 
0.6829998354662606 0.4258766255524224 , 0.5592366763007043 0.4378616778487555 , 1.0449637675013634 0.469430352655771 
0.6754706452454378 0.42229238066592567 , 0.5715145901877842 0.4307091358299137 , 1.0402150438351065 0.4801671395611095 
0.6651465964523008 0.4190904774444665 , 0.5876576786569148 0.4233218064816986 , 1.034396004159113 0.4907563721307838 
0.6516281135125153 0.4162187632178942 , 0.6080723792824821 0.41579390320473414 , 1.027499786473331 0.5011559896343205 
0.6353489217624435 0.41344891999241085 , 0.6323373645736705 0.4083992553101134 , 1.0195139929322146 0.5113204807544245 
0.6193322282961669 0.4103199202440564 , 0.6574519070644593 0.4016531588971117 , 1.0104161439077024 0.5211955769157807 
0.6069283293944793 0.4066418770442794 , 0.6801012403797194 0.39581535837746956 , 1.00017070949413 0.5307114206351997 
0.5988415745293119 0.4025636648666224 , 0.699626056212601 0.39082582491514417 , 0.9887326485264157 0.5397791662751821 
0.5947475857372588 0.3982579040857574 , 0.7163990336563519 0.38662040724645264 , 0.9760536598747178 0.5482903447247385 
0.5942514491561995 0.39385651771027413 , 0.730861464999892 0.383195685565101 , 0.962087365112237 0.5561164527815734 
0.5970712136375903 0.38946493435599855 , 0.7433358017928867 0.3805954785801528 , 0.9467932638378517 0.5631082431207972 
0.6030447738601057 0.3851796771150583 , 0.7540157156618397 0.3788944563724598 , 0.9301397897463833 0.5690945225694305 
0.6121145816150615 0.3811027794842716 , 0.7629790183277523 0.3781858761854263 , 0.912106679325515 0.5738800003872506 
0.6243182823971775 0.3773562172292739 , 0.7701950707332033 0.37857111437842006 , 0.8926869261379481 0.5772413244492546 
0.6397886179192234 0.37410082670364025 , 0.7755226803534674 0.38014793562862237 , 0.8718889809956382 0.5789198937246859 
0.6587602192386235 0.37156637376641716 , 0.7786991853019734 0.3829930096756207 , 0.8497408747277321 0.5786092726149106 
0.6815715575924228 0.3701049320920108 , 0.7793282595568107 0.38712953695870217 , 0.8263004621190954 0.5759341870062356 
0.708608476169588 0.370289326301366 , 0.7769095744814014 0.39246074679083837 , 0.8016822286173395 0.5704185829647441 
0.7399599594650789 0.37306859567951073 , 0.7711154474618976 0.39865054513728665 , 0.7761248723413524 0.5614495152401511 
0.7741543499761234 0.37974979093569805 , 0.7629074259991012 0.40513122253522166 , 0.7501385032931043 0.5482876425860288 
0.8070305434025387 0.3908914365530495 , 0.7554676817070131 0.4120082374657275 , 0.7247020541587773 0.5302689820381715 
0.8352744564982406 0.40546399979903147 , 0.7506835952573117 0.4204816288576452 , 0.7012422275127768 0.5072230274002718 
0.8580400315305228 0.4220485000623953 , 0.7478388833035146 0.43137368098993 , 0.6813213644342917 0.47974647500462314 
0.8756021768370259 0.4395277560021491 , 0.7452543467770304 0.44421291812357927 , 0.6663437556542728 0.44942798193122 
0.8885554743916682 0.4571916862432388 , 0.7417978582479585 0.4571982860421101 , 0.6568469466287026 0.4187786837715995 
0.8974955356079455 0.47462481373797255 , 0.7376376993421578 0.4686802418560249 , 0.652067044318226 0.389863600462951 
0.9029153516377408 0.4915759247212398 , 0.7334883392039407 0.47806768822387363 , 0.6507965884266478 0.36352504311183503 
0.9051914612002189 0.507876316844602 , 0.729953547654801 0.4854222638745356 , 0.6520552704133095 0.33987007533781094 
0.9045994533574873 0.5233948923630131 , 0.7274299083455452 0.4910209582456249 , 0.6551709175652969 0.3187528054483106 
0.9013336066104995 0.5380121335901314 , 0.7261733297741025 0.49517917763920216 , 0.6596933428837273 0.2999773448276149 
0.8955232537715334 0.5516024911142124 , 0.726362535594494 0.4982043529141318 , 0.6653144899023019 0.2833618120286043 
0.8872452090177241 0.5640193806854907 , 0.7281384756587677 0.5003958449660537 , 0.6718165945918375 0.26875343040540406 
0.8765339282659927 0.5750789395038931 , 0.731625729878234 0.5020612375299883 , 0.6790406211241025 0.256028479023067 
0.8633927438678962 0.584539194411768 , 0.7369406375073093 0.5035412648992487 , 0.6868668978931236 0.24508819674593169 
0.8478129320703014 0.5920713648254181 , 0.7441845305699429 0.5052432538509823 , 0.6952028166280849 0.23585403738054797 
0.8298158227994696 0.5972219402026492 , 0.7534099115114737 0.5076835533296513 , 0.7039745449573859 0.22826316252464793 
0.8095518981707474 0.5993762937491511 , 0.7645275314121922 0.511528052160317 , 0.7131208496853897 0.2222643101474803 
0.7875165622129582 0.5977832824874223 , 0.7770960233321371 0.5175712252314211 , 0.7225876937232338 0.21781414833810514 
0.7648886580829948 0.5918186979165013 , 0.7899889634704761 0.5264752334051249 , 0.7323226577148583 0.21487472473532224 
0.7435865102187799 0.5816323786785557 , 0.8013446472734613 0.5381228019452575 , 0.7422691217760881 0.21341347543313532 
0.7253552729579487 0.5684680749265909 , 0.8094830059781035 0.5512937599112611 , 0.7523620003322771 0.21340682121909654 
0.7108514893936914 0.5538519710832588 , 0.8138217177246505 0.5644719820104165 , 0.7625270721499874 0.2148447029632732 
0.6999146177966369 0.5388482606819728 , 0.8146033341472343 0.5765881386258409 , 0.7726823273244581 0.21773225674913474 
0.692132836389278 0.5240359184500968 , 0.8123288774493047 0.5870436853730774 , 0.7827385654297465 0.22208905223377434 
