0.5608177027491651 0.9719212331735744 , 0.8130534228306119 0.871252558935992 , 0.7030086537430399 0.30606711764743944 
0.5599380577828937 0.977740966950115 , 0.8102749952958759 0.8709164406962223 , 0.7066667262440474 0.3005835021106685 
0.5601279804064389 0.9829251632457446 , 0.8064188646820158 0.8707382687803669 , 0.7103329342343623 0.2955774777308944 
0.5613851971463893 0.9874507393428468 , 0.8014908980880847 0.8707494700006939 , 0.714003684088343 0.2910407004134653 
0.5637196702326708 0.991285959061047 , 0.7954849913000607 0.8709888143240854 , 0.7176751177900856 0.2869661363718737 
0.5671541785240808 0.9943882737677378 , 0.7883825190624595 0.8715047661033323 , 0.7213430817362768 0.283347869885936 
0.5717256593514842 0.9967011591782273 , 0.7801510184775943 0.8723588228292531 , 0.7250031014937386 0.2801809277495256 
0.5774874338455064 0.9981493863462614 , 0.770741981553209 0.8736304093565783 , 0.7286503639241017 0.2774611140541664 
0.5845124873427925 0.9986317712170324 , 0.7600875824914929 0.8754242885413605 , 0.7322797094885317 0.27518484999861326 
0.5928979147424195 0.9980097248083166 , 0.7480962251864077 0.8778821704629536 , 0.7358856393939899 0.2733490144857359 
0.6027701300567032 0.9960886004893226 , 0.7346473043394974 0.8812015265185718 , 0.7394623449266164 0.2719507827491118 
0.6142881955495226 0.992586557231904 , 0.7195878132542672 0.8856668895704637 , 0.7430037705190272 0.2709874629546384 
0.6276336324952873 0.9870830760370212 , 0.7027424177397879 0.8917014970345839 , 0.746503729087742 0.27045633668540103 
0.6429394895956322 0.9789465586401589 , 0.6839841895889209 0.8999398269071017 , 0.749956100138264 0.27035452420974543 
0.6599836326794394 0.9673313526405592 , 0.6635409872453382 0.9112306202816812 , 0.7533551593980397 0.2706789368347655 
0.6772895064549904 0.9518053700796584 , 0.6428941806028242 0.9260090473828725 , 0.7566960922650026 0.2714264922944752 
0.6919524270032618 0.9340741425218345 , 0.6249517834615826 0.9425718139787305 , 0.7599755688579729 0.2725949532564411 
0.702824612447346 0.9166089863927073 , 0.6108634653003022 0.9584476618454325 , 0.7631917015751691 0.2741842615188663 
0.7105170738919081 0.9003695805601768 , 0.600019457427868 0.9726742786966681 , 0.7663432480030412 0.2761970505001613 
0.7158001196635179 0.8854768415170329 , 0.5916507171419888 0.9851257094196386 , 0.7694289425173106 0.2786383588203346 
0.7192374709702288 0.871825940544778 , 0.5851951741272565 0.9958997156101459 , 0.772447134225332 0.2815152536020822 
0.7212148130701577 0.8592773288598862 , 0.5802693802358265 1.0051270228593017 , 0.7753955860168331 0.28483655803781827 
0.722000319017496 0.8477038816884124 , 0.5766081192339938 1.0129243485710588 , 0.7782713410713276 0.28861267949753483 
0.7217868607722429 0.8369993127192783 , 0.5740223045077825 1.0193860868735467 , 0.781070614042792 0.292855510164181 
0.7207181926948127 0.8270769487787628 , 0.5723728994940586 1.0245855825192511 , 0.7837886871339461 0.29757837845899204 
0.7189051572572979 0.8178666569361162 , 0.5715548211414176 1.0285782157980794 , 0.7864198009241019 0.3027960370228105 
0.7164359857081746 0.8093119467837613 , 0.5714867596737986 1.0314042847552403 , 0.7889570339408443 0.30852467821800456 
0.7133830768637351 0.8013676823481822 , 0.5721045357087682 1.0330912559555097 , 0.7913921667503142 0.31478197145331416 
0.7098076275318402 0.7939984134317412 , 0.573356624715965 1.0336553775055801 , 0.7937155270750123 0.3215871188196848 
0.7057629211865448 0.7871772447244946 , 0.5752010454547455 1.0331027379621571 , 0.7959158126815272 0.32896092707035446 
0.7012967636097936 0.780885163867682 , 0.5776031269522576 1.0314298506535018 , 0.7979798887607664 0.3369258952358223 
0.6964533733922061 0.7751107768711355 , 0.5805338495655958 1.0286238144736102 , 0.7998925563650157 0.3455063184122603 
0.6912749313068672 0.769850431672858 , 0.5839685597987936 1.0246620683059589 , 0.8016362882171568 0.3547284097781891 
0.685802934002271 0.7651087448992595 , 0.587885917453547 1.019511719830807 , 0.8031909278669996 0.3646204450269396 
0.6800794682524997 0.7608995852986664 , 0.5922669633912646 1.013128387800511 , 0.8045333476790533 0.3752129366578286 
0.6741485157554675 0.7572476149428098 , 0.5970942032306307 1.005454444070769 , 0.8056370603367193 0.38653885074342736 
0.6680574163837798 0.754190553972378 , 0.6023505858504024 0.9964164685935117 , 0.8064717770886354 0.39863388719111625 
0.6618586703077746 0.7517824282507423 , 0.6080182059107319 0.9859216231499085 , 0.8070029031043111 0.41153685835635523 
0.6556123730726722 0.7500981992299083 , 0.6140764517437615 0.9738524865320167 , 0.8071909545063839 0.425290223995081 
0.6493898129578703 0.7492403840252504 , 0.6204990967137137 0.9600596458413042 , 0.8069908696512336 0.4399408798904514 
0.643279255371208 0.7493485634833805 , 0.6272493619864982 0.9443509802966976 , 0.8063511619651115 0.45554136597692785 
0.6373960235771488 0.7506129657803594 , 0.6342709487183503 0.926476161454726 , 0.8052128070273186 0.47215178252192064 
0.6319014633609159 0.7532930344161743 , 0.6414706821754804 0.9061049445776277 , 0.8035076337864213 0.48984293076320407 
0.6270411863191115 0.7577381655039852 , 0.6486828951858148 0.8828011105707855 , 0.8011556978178913 0.5087016336822354 
0.6232257542267865 0.7643870004623703 , 0.6555936567396009 0.8560138451318966 , 0.7980603683564301 0.5288400641627392 
0.6211915455311575 0.7736242027773504 , 0.6615904396794966 0.8252041096251731 , 0.7940977941121635 0.5504125973544827 
0.6221650413618873 0.7850494922579426 , 0.6656233639689879 0.7905452533425223 , 0.7890913739919423 0.5736461641565412 
0.6271820795837909 0.7960059047219631 , 0.6669517167503111 0.7543480933228386 , 0.7827459829887157 0.5988869117122045 
0.6355748020035803 0.8032533209882211 , 0.6668080323366371 0.7193635935038912 , 0.7744969449826002 0.6266239952648939 
0.6461930656108598 0.805843712957819 , 0.6674245934388053 0.686081804648162 , 0.7632621202731524 0.6573153921510253 
0.658550888902978 0.8038494062626969 , 0.670882551924029 0.6548515675901805 , 0.7474463384958105 0.690539935904129 
0.6727699028232741 0.7971924008543216 , 0.6775418735031262 0.6277728179853206 , 0.7265680029964172 0.7242756909173641 
0.6892406229762248 0.7853452318242898 , 0.6856705353802364 0.6059326930675548 , 0.7019686209663564 0.7579629848651617 
0.7067868108140327 0.7690263035189319 , 0.694107634601034 0.5886550451532723 , 0.6759853339077508 0.7915595610848022 
0.7216774172047494 0.7525003581119357 , 0.7025333918120491 0.5751581908244184 , 0.652668970306019 0.8215823608206522 
0.7338166007132524 0.7364307583408024 , 0.7109313020333738 0.5649792185795539 , 0.6321318765761913 0.84783093283665 
0.7439531439313846 0.7200911515018139 , 0.7193521099559668 0.5578976473187358 , 0.6135745254354662 0.8712521109364566 
0.7525713162447907 0.7028226600405469 , 0.7278633703558033 0.5538628596510786 , 0.5964450927222236 0.8925553900653808 
0.7599372509308795 0.6840628181113209 , 0.736544935369013 0.5529687955354986 , 0.580397593022925 0.9122092961101869 
0.7661765364620943 0.6632524995993618 , 0.7454966755080389 0.55545695391222 , 0.5652065673526844 0.9305314562454245 
0.7713115026290659 0.6397779804005571 , 0.7548501596015678 0.5617162661829154 , 0.550718117092184 0.947746663173534 
0.7752933566374993 0.6130866264948438 , 0.7647629257519681 0.5721338429102117 , 0.5368234969333501 0.964020440351951 
0.7781645387952637 0.5836191384504429 , 0.7752706741625264 0.586142860828017 , 0.5234445663650273 0.9794789104785465 
0.78051841810401 0.5547586626914646 , 0.7858360551925407 0.600261050303318 , 0.5105253060262667 0.994221196762224 
0.7830857014012932 0.5296204225920456 , 0.7957691523126214 0.6112930312378831 , 0.4980249256089029 1.0083274559270778 
0.7860766656503839 0.5084863624270765 , 0.8048919194569358 0.6188907733103536 , 0.48591119421549767 1.0218637740195766 
0.7894866437825299 0.49084825668115734 , 0.8132365608473949 0.6235074155112466 , 0.4741565746928927 1.034885237564603 
0.7932769850406527 0.4762278317089118 , 0.8208661979842727 0.6255749240674371 , 0.46273659629789204 1.0474381539806579 
0.7974150311706044 0.464283356261222 , 0.8278355900649839 0.6253957909266606 , 0.45162915808722925 1.059561762569124 
0.8018798321439659 0.4547902642441482 , 0.8341857754516786 0.6231610698943232 , 0.440814171727173 1.0712895756185354 
0.8066616684040274 0.44761488956500595 , 0.8399447804034158 0.6189755843303948 , 0.4302733305153743 1.082650435861606 
0.8117612352593738 0.44269775594509747 , 0.8451286133260528 0.6128737997028988 , 0.41998993073739094 1.0936693541090106 
0.81718969483344 0.4400466451236756 , 0.8497413640521124 0.6048260883010691 , 0.40994872043726516 1.1043681763322621 
0.8229699492944017 0.4397385507222291 , 0.8537740621866006 0.5947362405922577 , 0.40013576784181526 1.1147661184425202 
0.8291394569576199 0.44193079360385273 , 0.8572019745578693 0.5824299176503126 , 0.3905383478073284 1.1248801985028416 
0.8357548978074634 0.4468820311881402 , 0.8599800342296391 0.5676332888538169 , 0.381144847285715 1.1347255897150499 
0.8428977239506221 0.4549776370493432 , 0.8620373623652623 0.5499473596661166 , 0.3719446930069331 1.1443159130415472 
0.850670438385178 0.4667077834469013 , 0.8632810327516925 0.5288696404861495 , 0.36292830818594707 1.1536634858239563 
0.859122681154695 0.4822937379630641 , 0.863669986769145 0.5041676292534846 , 0.3540871113989776 1.1627795425404586 
0.8679163291321106 0.5000224878233108 , 0.8635498781103177 0.47754397863854203 , 0.34541357208038925 1.1716744432951545 
0.876222486350191 0.5157760466576 , 0.8637560328458077 0.45310700651700975 , 0.3369012601268188 1.1803578565823976 
0.88369840677706 0.5278835809195552 , 0.864636721794687 0.4325185012547822 , 0.3285446507510705 1.1888388275826698 
0.8903874187218523 0.5365782964015378 , 0.8661535750234852 0.41553685120057793 , 0.3203387855774798 1.1971257621548914 
0.8963878623820922 0.5423516655408626 , 0.8682128634679188 0.40166281238791335 , 0.3122790534728063 1.2052264318282313 
0.9017785224666895 0.5455893659328023 , 0.8707401759220645 0.39050353835956286 , 0.3043610809340633 1.2131480054646422 
0.9066139011590952 0.546551248043142 , 0.8736851995680381 0.381792569075122 , 0.296580678595684 1.2208970926387435 
0.9109290711622904 0.5453970341910465 , 0.8770168934107732 0.37536408528162885 , 0.2889338147497538 1.2284797902843323 
0.9147437915010843 0.5422074125048165 , 0.8807193856259238 0.3711317684681227 , 0.28141660219580933 1.2359017287840683 
0.9180647524771038 0.5369952416968459 , 0.8847897348707994 0.36907755217602883 , 0.2740252919749142 1.2431681158841328 
0.920886097966396 0.5297076410806411 , 0.889237410382488 0.36924949080308656 , 0.2667562709739334 1.2502837778732798 
0.9231883260249664 0.5202192602506222 , 0.8940853911478065 0.3717684514795637 , 0.25960606215004456 1.2572531980268216 
0.9249355186059119 0.5083159086933148 , 0.8993729335216576 0.3768444483783627 , 0.2525713271952479 1.26408055268533 
0.9260712911419309 0.4936691537499488 , 0.905159615817994 0.38480201030947475 , 0.24564887236289254 1.270769745697584 
0.9265177652106248 0.4758204114714877 , 0.9115263547525918 0.39609605579308665 , 0.23883565935960083 1.2773244424924333 
0.9262044696833738 0.45430470964213393 , 0.9185464843861251 0.4111880940924391 , 0.23212882525331854 1.2837481060224345 
0.925248397994872 0.429539708020038 , 0.9261056629210624 0.4296571634795153 , 0.2255257184068829 1.2900440382574543 
0.92432737308629 0.404848763638036 , 0.9335284536252929 0.44817671798728814 , 0.21902395261123442 1.2962154281316836 
0.9240621634834628 0.3835296180819428 , 0.9401961888112674 0.4634459125104892 , 0.21262142702808715 1.3022653791645757 
0.9245032841842149 0.36598916947369997 , 0.9460602452508933 0.47505485298013467 , 0.20631624988770922 1.308196887303173 
0.9255464028540944 0.35176675226416193 , 0.9512267235624676 0.483461344201509 , 0.20010665290625534 1.314012813291337 
0.927096509763007 0.3404091211721809 , 0.9557923282752848 0.48911591759863926 , 0.19399094128452557 1.3197158709861876 
