0.9192104065741069 0.5486776209687539 , 0.9785584220163693 0.7982673694839464 , 0.9006065257707137 0.48601891870514113 
0.9244176893128632 0.5340898243771277 , 0.9769388332406596 0.7905932861510109 , 0.8970188318076672 0.5082807986297029 
0.9276174994990629 0.5185513974023787 , 0.9748123652555486 0.7808063017690263 , 0.8959454896065785 0.5336062099864365 
0.9283605555135241 0.505415566554687 , 0.9721144256424541 0.7687322112719893 , 0.8979003732052117 0.5588161313311653 
0.9274093824613193 0.49671809105592335 , 0.9687171566107688 0.7540774664661669 , 0.9022488152891017 0.5821683516357513 
0.9256004982973882 0.49276107257181073 , 0.9644091575125993 0.7363755003111085 , 0.9083656985512024 0.6038273362749222 
0.9234912093230597 0.493357676639603 , 0.958854012653407 0.7149188977056745 , 0.9160301323847232 0.624687334812564 
0.9214551237046503 0.4983601040357609 , 0.9515434591231658 0.6887714724754778 , 0.9253767715333737 0.6458323326466029 
0.9197820867326882 0.5078267187446337 , 0.9420731737533681 0.6577029180609496 , 0.9365200938751335 0.6674342723522583 
0.9187291475285041 0.5221588048653936 , 0.9316853506806879 0.6250847536650489 , 0.9479608561519977 0.6857203506273991 
0.9185101299132034 0.5421742307657134 , 0.92185313547708 0.5927094933376462 , 0.9580120889709063 0.6980801850544821 
0.9191099984078351 0.5680728389757186 , 0.9128613719914904 0.5598870677618382 , 0.966403983961864 0.705004002420285 
0.9199618549636613 0.5956760804124319 , 0.9053415127489041 0.5301926993518383 , 0.9730719866486242 0.7070951293935716 
0.9213013986984824 0.6223090578661025 , 0.8993480057560391 0.5060480324281206 , 0.9777259499066681 0.7046068188636188 
0.9240518501634121 0.6487339842499623 , 0.8945433442759582 0.4865463739632976 , 0.9797801599218193 0.6976835509445819 
0.9292780189642421 0.6754323664109051 , 0.8907045790031454 0.470680264981543 , 0.9783927563938021 0.6868512777653937 
0.9376881510938626 0.7012849157547846 , 0.8877146188773791 0.45779502899542 , 0.9729725843899478 0.6738839644076371 
0.948524037825429 0.7237859113897941 , 0.8855115240583569 0.4475115742571178 , 0.9643397924774036 0.6616664235109299 
0.9600714279094358 0.7415620525305955 , 0.8840503304422012 0.4396309460635165 , 0.9542535960095526 0.6517709105637297 
0.9711624524416049 0.754786348941999 , 0.88328500164435 0.4340595616511801 , 0.9439279002752347 0.6441179985646626 
0.9812622916447061 0.76406977950173 , 0.8831659080944917 0.4307656457942401 , 0.9339471546219917 0.6381284838618715 
0.990150077552044 0.7699742559525453 , 0.8836419538599998 0.42975961515518757 , 0.9245833229491458 0.6332300380501087 
0.9977341931907093 0.7729271941598468 , 0.8846626517799149 0.4310878296547988 , 0.9159785093905654 0.6289488853431959 
1.0039718964768625 0.7732354989698963 , 0.8861790524873915 0.4348340088637773 , 0.9082244053969357 0.624894401324168 
1.0088347210525048 0.771110879515405 , 0.8881433396864826 0.4411263076714722 , 0.9013972936222021 0.6207267219709642 
1.0122921792091 0.7666887864627838 , 0.8905068169061671 0.4501502354900956 , 0.8955763582459225 0.6161248872049621 
1.0143023181512592 0.7600390081017884 , 0.8932153758107602 0.46216905302952405 , 0.8908576603991701 0.610755848026529 
1.0148038002512114 0.7511681663787301 , 0.8962000424721728 0.4775535774745017 , 0.8873715116378054 0.6042421653046097 
1.0137057608169804 0.7400132770765113 , 0.8993568173833799 0.4968171115969603 , 0.8853127761608294 0.59613352048437 
1.0108700741603847 0.7264231263902501 , 0.9025043494162037 0.520607561199058 , 0.8850009307846014 0.5859332215685334 
1.006073246063343 0.7101211593839564 , 0.9053247052518443 0.5493791191125101 , 0.8869774030460024 0.5734636306613752 
0.998912602237855 0.6906491291544227 , 0.9075580760806365 0.5818921199144738 , 0.891904676042698 0.5604226600889453 
0.9885874732393212 0.6673721482980172 , 0.910121312824506 0.6145419720309792 , 0.8996665682973624 0.5510497888288454 
0.973658686737654 0.6399828217152993 , 0.9150712230785989 0.6454414525595202 , 0.9096454445449367 0.5475396348830223 
0.9531003837040946 0.6102298892909989 , 0.923574437197518 0.6724274913409245 , 0.921700533459577 0.5503065285259184 
0.929108065627554 0.5805475211600648 , 0.9336798535952827 0.6928331784367582 , 0.9355874351383529 0.5595832095610187 
0.9058538590976459 0.5522100852519293 , 0.9436922111552943 0.7070591946789075 , 0.9488292841082493 0.5736946292270049 
0.8863146400548553 0.5277698935565458 , 0.9532474588097873 0.7160860146646191 , 0.958813255496547 0.5891080009366768 
0.8701393048579081 0.5073556087889839 , 0.962334601500756 0.7204235920139407 , 0.9659014480025255 0.6051847083549171 
0.8565001257701501 0.49026823925954144 , 0.9709512867406467 0.7202003694345808 , 0.970923941850393 0.6224953004637195 
0.8448074624765181 0.47589672337944716 , 0.9790203640376711 0.7153036449152429 , 0.9745475278470006 0.6417635408631516 
0.8346773582962874 0.46379496716209423 , 0.9863175783538171 0.7056088854883779 , 0.9773804177110853 0.6635600565073695 
0.8258614950349772 0.4536397471126084 , 0.9923736350025049 0.6917794779167896 , 0.9801402243237077 0.6875446841284435 
0.8182052542471369 0.44519333508929754 , 0.9966627069154135 0.6767164399928904 , 0.9835073931986394 0.7110541340756537 
0.8116198696781924 0.4382810260334319 , 0.9992589794820423 0.6637072214315028 , 0.987496505200955 0.7309756616929068 
0.806055501120499 0.4327760468547681 , 1.0005622260598026 0.6537288597369675 , 0.9917576271808882 0.746459002566106 
0.8014822758071435 0.4285871834797406 , 1.0008732029486163 0.6466483098327929 , 0.9960198756054301 0.757728415845308 
0.7978811198231563 0.4256499810976777 , 1.0003821668379365 0.6421710702831647 , 1.000112067700097 0.7651428577769992 
0.7952397611940518 0.42392102350541955 , 0.9992231476631032 0.6400751618663583 , 1.003912445504035 0.7689677237860637 
0.7935509425572397 0.4233742566793768 , 0.9975104675854065 0.6402433639472256 , 1.0073139442185437 0.7693462885312392 
0.792811586998937 0.42399861939413297 , 0.9953632467611458 0.6426600564419902 , 1.010200520601107 0.7663052333217184 
0.7930224651566327 0.42579652783380506 , 0.9929283861409681 0.6474080504291774 , 1.0124245030635892 0.7597593308948591 
0.7941883189314434 0.4287829364738583 , 0.9904113071301315 0.6546657557940762 , 1.0137757282996152 0.7495152168899071 
0.7963187533212295 0.43298482917615533 , 0.9881245290477163 0.6646759822856015 , 1.0139320719922442 0.7353030976960846 
0.7994307852321395 0.43844120730764785 , 0.9865531096749974 0.6775646636462036 , 1.012391459454053 0.7169580382039901 
0.80355502532779 0.4452042390551252 , 0.9863217935171155 0.6926377867051894 , 1.0084985355162845 0.6951218833975269 
0.8087485484766722 0.4533437729422415 , 0.987612196004658 0.7072107288887653 , 1.0020146098798597 0.6724094073268346 
0.8151136318505893 0.46295848726762545 , 0.9895679049340379 0.7182004333517212 , 0.9936938175765626 0.6518049885384948 
0.8228140689780872 0.4741915707807778 , 0.9912532506988773 0.7246139616162711 , 0.9843080346842253 0.6341583767607926 
0.832093124572613 0.4872483987822946 , 0.9921323269968872 0.7265734311044315 , 0.9741499027916896 0.6191420792711154 
0.8433064045041209 0.5024215735937725 , 0.9918899058968178 0.7243646895674134 , 0.9631790439602511 0.6061776459966557 
0.8569804069950714 0.5201270052651731 , 0.9902714705673709 0.7181716145612266 , 0.9511234767987475 0.5946652893314418 
0.8738903673673912 0.5409280981201371 , 0.9869912787528959 0.7080190738745267 , 0.9374937082409025 0.5840167371631777 
0.8949624964071974 0.5653411116897604 , 0.9816543524236032 0.693731949557915 , 0.9217585055303891 0.5738908479101662 
0.9198078437053191 0.5925647844348917 , 0.9736527529979525 0.6748321025630053 , 0.9049147576579182 0.5655670221599446 
0.945305783077606 0.6204152382770078 , 0.9621201678131762 0.6504399565835995 , 0.8909494034704075 0.5621087142972342 
0.9696263227548768 0.6480162995710397 , 0.9471078878682785 0.6209549923406498 , 0.8816411437380345 0.5639926172461521 
0.9898043658448302 0.6711950339029155 , 0.9311649478181828 0.5912870161271899 , 0.8774060406981768 0.5704818591277362 
1.0059873469095808 0.6898136241766571 , 0.9138270592629708 0.563129023212749 , 0.8785609481886383 0.5800212617684355 
1.0190342043800897 0.70499366178333 , 0.8950758669546985 0.5383089041245752 , 0.8842652830264016 0.5896613432499364 
1.0294732468142627 0.717447390176762 , 0.8765857625708192 0.5184144112659971 , 0.8923163449761079 0.5971021077150824 
1.0376144430031795 0.7275558739284135 , 0.8596173088778473 0.503262505303775 , 0.901143602480163 0.6021455299256528 
1.0436566071325992 0.7355178075054855 , 0.8446038544237348 0.49205063467298554 , 0.9101148928048559 0.6053954669793704 
1.0477349070657778 0.7414283866178824 , 0.831609617788116 0.484051491607077 , 0.9190308295072962 0.6074840309328821 
1.04994113053424 0.7453153946713834 , 0.820583097373913 0.4787198068690308 , 0.927851126453037 0.6089287076174271 
1.0503327291491198 0.7471540488549933 , 0.8114479888986061 0.47565986899917256 , 0.9365946363134642 0.6101499913036755 
1.0489366877044728 0.7468701653368565 , 0.804132764819135 0.47458366007077807 , 0.9453059018375825 0.6115100837502069 
1.0457506320446648 0.7443350174849962 , 0.7985796645022523 0.4752802918420037 , 0.9540450578142732 0.6133485998308414 
1.0407426485789777 0.739352074582465 , 0.7947471501974246 0.4775961247734836 , 0.962885555584788 0.6160157098018928 
1.0338523642902817 0.7316340969792947 , 0.7926108342173324 0.48142262599965785 , 0.9719121558535762 0.6199071861788888 
1.0250015047635412 0.7207705869902944 , 0.7921650746204475 0.486689886490432 , 0.9812087749772015 0.625503435677115 
1.0141438043797055 0.7062049727103492 , 0.7934270380357454 0.4933648418717888 , 0.9908045119457392 0.6333940945757034 
1.001458129530864 0.6873547567906089 , 0.79644627643884 0.5014541772894121 , 1.000470948391486 0.6441549750778204 
0.987891482543188 0.6644332983688543 , 0.8013264033253464 0.5110119087524339 , 1.0091574684926556 0.6575187020365532 
0.9752571663686039 0.6400105069207888 , 0.8082695224316394 0.5221465123267038 , 1.0148486655609468 0.6708068899103488 
0.9640330245904521 0.6167867154844546 , 0.8176403126842844 0.5350085728293857 , 1.0167020170864536 0.681168620844001 
0.9532350963967814 0.5953895837241397 , 0.8300306195093243 0.5497422379493951 , 1.0151096384550844 0.6878320874843066 
0.941549045810509 0.5757406065166506 , 0.8463193548012306 0.5663565423897015 , 1.0105069537494507 0.6908667602514894 
0.9277424497836686 0.5581936730272048 , 0.8675661515372101 0.5843610037873592 , 1.0030667530403115 0.6904092323432774 
0.9116667397145375 0.5443661200903127 , 0.894048835837622 0.6021815890286129 , 0.9926597788090308 0.6864162000389158 
0.895636866548989 0.5361799555655328 , 0.9238810397631216 0.6182959075145729 , 0.9788574480490797 0.6784880460777357 
0.8819837298251862 0.533513751885726 , 0.955057408400303 0.6336783233648744 , 0.9613342161357011 0.665771833907241 
0.8714162373462494 0.5354553440242454 , 0.9849646811899985 0.6493380791841178 , 0.9419944358249425 0.6481704859494782 
0.8640527586928858 0.5415205603898673 , 1.0098679712716034 0.6632304371298109 , 0.9244546243967011 0.6282129116381634 
0.8601254291356396 0.5516320884967133 , 1.0299084292557894 0.6745029772002761 , 0.9083414959697613 0.6068288434608522 
0.8600839860115235 0.5656211500854843 , 1.046176311038564 0.6834489410669727 , 0.8921150573111029 0.5838938180053845 
0.8640028070807548 0.5819518480623845 , 1.0594398805998835 0.6904706434070101 , 0.8749326666805519 0.5605414176884469 
0.8702569970198385 0.5970534265831813 , 1.0701457918473947 0.6958894414020921 , 0.8579725654939571 0.5400210411725682 
0.8770890625194204 0.609156893804352 , 1.078532294747207 0.6999332555738338 , 0.8427539970945628 0.5238737597796558 
0.8839634001579693 0.6184942311936986 , 1.0847212420213437 0.7027542252808212 , 0.8296907121818771 0.5117154526833217 
0.8908688561579223 0.6256335467836611 , 1.0887658351566523 0.7044496848342824 , 0.8187406630466154 0.5028806775398981 
