0.5267057768381609 0.3461601667879012 , 0.49488175276305 0.11035787723978041 , 0.39386666159086225 0.7155869960707597 
0.5150178552473882 0.32962356067217047 , 0.5100061402060176 0.13154450056453054 , 0.39043019573866733 0.7109369788617403 
0.503107783795051 0.311814850198777 , 0.5251210064567451 0.15481108851688016 , 0.3872254009402771 0.7054791013827841 
0.4913781788671688 0.2921445848168699 , 0.5398296143370831 0.18074920242216316 , 0.38424639798782123 0.6992112528594082 
0.48076014951619206 0.2701171905395974 , 0.5532010784750865 0.2098579432620833 , 0.3814929632007946 0.6921299062967605 
0.472822080113255 0.24624591682440256 , 0.5636588732408169 0.24162957860168643 , 0.37897323783800135 0.6842295446723522 
0.468464494143716 0.22264080819714752 , 0.5702820305168413 0.2739645388238329 , 0.37670766653151594 0.6754996930774608 
0.46693886787531586 0.20093558833446168 , 0.573783358279834 0.3052493518111767 , 0.3747319650369235 0.6659200999528029 
0.4671729536919608 0.18143648308051025 , 0.5751825939410738 0.3352104125527463 , 0.3730986435590387 0.6554581444651847 
0.4684485560179364 0.16392601435418314 , 0.5751256793562468 0.3641102698611796 , 0.3718799558178902 0.6440687558830785 
0.47034708269190967 0.1481140132030515 , 0.5739333267896458 0.3922955451377902 , 0.3711737817105179 0.6316954817575996 
0.47262275654235403 0.1337524775940995 , 0.5717182817234295 0.42007937780110444 , 0.3711131529262899 0.6182731847032373 
0.4751247088632379 0.12064856907274227 , 0.5684492316298172 0.4477216360044028 , 0.3718802506990184 0.6037348350212962 
0.47775546626505366 0.10865599442952631 , 0.5639736965527974 0.4754212000557705 , 0.3737250283742224 0.5880278456131445 
0.4804488693883205 0.09766470264571668 , 0.5580208357407065 0.5032898176198515 , 0.3769844860630464 0.5711505198328731 
0.4831580128250763 0.08759283553988012 , 0.5502114300188699 0.5312877236875472 , 0.3820847483481273 0.553224480871014 
0.4858485755194404 0.07838107711744377 , 0.5401287426853589 0.5591166275256291 , 0.3894768729872742 0.5346073354553684 
0.48849530494804977 0.0699886881000457 , 0.5275214841599024 0.5861434066328459 , 0.3994374020841213 0.5159729453655496 
0.49108046508495534 0.062390256680165755 , 0.5125778337239011 0.6115525377195347 , 0.41179589238321707 0.49816224569874085 
0.49359327277271436 0.05557233401819098 , 0.4959417762423951 0.634756356437393 , 0.4259191421769641 0.48177634964285726 
0.4960293840233281 0.04952996784621417 , 0.47837058260082327 0.6556344426262297 , 0.44105422456792226 0.4669406296259974 
0.4983900416732983 0.04426387060348976 , 0.46044074348623887 0.6743993924651538 , 0.4566234060325364 0.4534417770297978 
0.5006810932623302 0.03977863662364019 , 0.4424986911031085 0.691374774608303 , 0.4722744068266348 0.44095162886649825 
0.5029121601874738 0.03608185277344371 , 0.4247258411364177 0.7068711268836783 , 0.4878161898681821 0.4291520604413194 
0.5050960760217375 0.033183786030182114 , 0.4072069811549163 0.7211467830864411 , 0.5031511340154197 0.4177744709818182 
0.5072486027430221 0.031097409501380624 , 0.38997500987312606 0.7344059379672703 , 0.5182305785759254 0.4066016926297905 
0.5093884023914567 0.02983863157379651 , 0.3730362049676285 0.746807672604628 , 0.5330295838329883 0.39545873592001696 
0.5115372480178115 0.029426662864081445 , 0.3563837585297332 0.7584761023833122 , 0.5475331846445287 0.38420227485104785 
0.5137204777756834 0.029884495930896496 , 0.34000489283490976 0.7695088787224729 , 0.5617288205814802 0.3727116654450721 
0.5159677221804885 0.031239494935337852 , 0.3238845674245891 0.7799836929357608 , 0.5756019015869958 0.36088185222734287 
0.518313967411742 0.03352410418457316 , 0.308007385802006 0.7899630955488726 , 0.5891328379783254 0.34861784036499577 
0.5208010616755213 0.03677668860003162 , 0.29235854859069293 0.7994980382896855 , 0.6022945809258591 0.3358303132087244 
0.5234798352690494 0.04104251384609877 , 0.2769243005657116 0.8086304842903678 , 0.6150500553573123 0.32243204196197506 
0.5264131012605899 0.04637485082360522 , 0.26169211028164785 0.8173953470019275 , 0.6273489796498355 0.3083348422729089 
0.5296799533824357 0.0528361273152383 , 0.24665071109519596 0.8258219458807138 , 0.6391235267144416 0.2934469669024896 
0.5333820121488927 0.0604988988370605 , 0.23179007373174335 0.833935112745576 , 0.6502821053114373 0.2776710285158053 
0.5376526295816697 0.06944605371345883 , 0.21710134880961693 0.841756044287164 , 0.6607002128007866 0.260902942097819 
0.5426705685667248 0.07976882516923454 , 0.20257680026980285 0.8493029697224569 , 0.6702068223555456 0.24303324520675043 
0.5486801871255657 0.09155919562768294 , 0.18820974070242122 0.8565916848662458 , 0.6785642633640864 0.22395415960451318 
0.5560198120105726 0.1048886537856579 , 0.17399447317423555 0.863635992792493 , 0.6854399060072651 0.2035803935202911 
0.5651551180551926 0.11975523426230701 , 0.15992623839294734 0.8704480855154008 , 0.6903728347439334 0.18190172032073426 
0.5766925900626289 0.1359642334083316 , 0.14600115746426748 0.8770388996161326 , 0.692760443665177 0.15910190707397784 
0.5912833856055713 0.15291058007292269 , 0.13221614428427458 0.8834184775084665 , 0.6919546613022275 0.13577598251705295 
0.6092520387598644 0.16938156878861932 , 0.11856873650328267 0.8895963487466314 , 0.6876334159289262 0.1131271225631914 
0.6300694577929049 0.1838625204846149 , 0.10505679125922868 0.8955818755995206 , 0.6803279421399399 0.09266064401430667 
0.6524825336729365 0.19541372310237803 , 0.09167809821764884 0.9013844049688405 , 0.6712935593014882 0.07530691202722369 
0.6753027345010937 0.20398036358235655 , 0.07843011241565026 0.9070131465082794 , 0.6617213442753296 0.06111153000780633 
0.6977943874831424 0.2099655058741761 , 0.0653099132052011 0.9124769344776713 , 0.65234989050373 0.049662599746594815 
0.7195931089674017 0.21384792655337545 , 0.05231430290362976 0.9177840460822239 , 0.6435467793210421 0.04047306746284294 
0.7405450643702141 0.2160398627263032 , 0.03943993794143329 0.9229421180740568 , 0.6354691888804261 0.03312305929808224 
0.7606011665501575 0.2168646670890333 , 0.026683441988906043 0.9279581365423291 , 0.6281695826530099 0.02728223646707994 
0.7797614535935007 0.21656980966263067 , 0.01404148889298292 0.9328384681541122 , 0.6216512487055899 0.022696762281699392 
0.7980477003156674 0.21534486883957107 , 0.0015108580386799485 0.9375889107550243 , 0.6158956328377261 0.01917126050384697 
0.815490156474243 0.21333666521700628 , -0.010911531626624688 0.9422147504680239 , 0.6108755663444551 0.016553624413412113 
0.8321211694673154 0.21066056379214643 , -0.023228602924024944 0.9467208184765451 , 0.6065616246487829 0.01472365782975087 
0.8479721708669725 0.2074086181342799 , -0.03544311238492897 0.9511115441979369 , 0.6029251327100299 0.013584877766225686 
0.8630723215123897 0.20365540242693 , -0.04755764931300806 0.955391003490778 , 0.5999395189926918 0.013058634180734474 
0.8774479780748512 0.19946221304785244 , -0.059574639489284195 0.959562961562604 , 0.5975808526065065 0.013079865487986052 
0.8911225629881 0.19488013021014228 , -0.07149635179851312 0.9636309107567665 , 0.5958279800024866 0.013593999131533698 
0.9041166256775661 0.18995227973220025 , -0.08332490659637051 0.9675981036301065 , 0.5946624721108779 0.014554656736135901 
0.9164479864644001 0.1847155285226773 , -0.0950622850175611 0.9714675818168234 , 0.5940684897452344 0.01592192975894196 
0.928131907434193 0.17920177472392118 , -0.10671033868969301 0.9752422011805364 , 0.5940326224475734 0.0176610641939851 
0.9391812620165987 0.17343894441845586 , -0.11827079950063085 0.9789246537257474 , 0.5945437286761056 0.019741441954239415 
0.9496066893753209 0.16745177366378458 , -0.12974528919269673 0.9825174866933022 , 0.5955927910094493 0.02213577974135596 
0.9594167271883669 0.1612624320859502 , -0.14113532864295725 0.9860231192134128 , 0.5971727926466638 0.024819488799079803 
0.9686179202155457 0.1548910288136709 , -0.15244234674710266 0.9894438568401627 , 0.5992786177236304 0.02777015444460924 
0.9772149038877415 0.14835603086201887 , -0.16366768886357763 0.9927819042458581 , 0.6019069761679097 0.03096710499056583 
0.9852104629063886 0.1416746166629716 , -0.1748126248005472 0.9960393763131323 , 0.6050563530862322 0.03439104712233888 
0.992605564992005 0.13486298229552787 , -0.1858783563450738 0.9992183078274924 , 0.6087269825451423 0.03802374997542252 
0.9993993697239844 0.12793661443812232 , -0.19686602434438177 1.0023206619427136 , 0.612920845812471 0.04184776371760695 
1.0055892120033592 0.1209105417266961 , -0.20777671535527786 1.0053483375656413 , 0.6176416945439922 0.04584616080610542 
1.0111705591097377 0.11379957478593516 , -0.21861146788105476 1.0083031757850007 , 0.6228950999633905 0.05000228952750694 
1.0161369396363393 0.10661854455574182 , -0.22937127821649478 1.0111869654501815 , 0.6286885297722289 0.05429953009251948 
1.0204798417715124 0.09938254859707399 , -0.24005710592157337 1.01400144799016 , 0.6350314553421343 0.05872104351120886 
1.0241885774340325 0.09210721584931461 , -0.2506698789436031 1.0167483215492645 , 0.641935492701644 0.06324950269986383 
1.0272501076358416 0.08480900192934776 , -0.261210498406167 1.0194292445049769 , 0.6494145819623987 0.06786679366411846 
1.029648823109154 0.07750552971868198 , -0.2716798430814736 1.022045838423012 , 0.6574852111643928 0.07255367195674904 
1.0313662726709936 0.070215994028691 , -0.2820787735608484 1.024599690496189 , 0.6661666920819281 0.0772893555735632 
1.0323808300098825 0.06296165512019769 , -0.29240813613601496 1.0270923555057663 , 0.6754814973182057 0.08205102947247928 
1.032667287638047 0.05576645464890195 , -0.30266876640160906 1.0295253573366554 , 0.6854556699556354 0.08681322811288597 
1.0321963648873276 0.04865780056530309 , -0.31286149258693957 1.0319001900708742 , 0.6961193188916853 0.09154704946226608 
1.0309341156121012 0.04166758674039663 , -0.3229871386222028 1.0342183186763945 , 0.7075072142021749 0.09621913468165223 
1.0288412220135628 0.03483354197539542 , -0.333046526940888 1.0364811793006672 , 0.7196594961193984 0.10079031882238068 
1.025872166622991 0.028201046928540197 , -0.34304048101550244 1.0386901791689584 , 0.7326225055845845 0.10521381400094473 
1.0219742913185286 0.021825624854667908 , -0.35296982761718415 1.0408466960763312 , 0.7464497274907288 0.10943271916744438 
1.017086794153422 0.015776416244868183 , -0.3628353987798859 1.0429520774474434 , 0.7612027958185371 0.11337654640613179 
1.0111398122777597 0.010141108520062591 , -0.372638033434231 1.0450076389185434 , 0.7769524123485446 0.11695629265983745 
1.0040539604906813 0.005033036421708068 , -0.3823785786506703 1.0470146623686185 , 0.7937788093520624 0.12005734130811696 
0.9957411937616184 0.0006015178749269254 , -0.3920578903886948 1.0489743932881836 , 0.8117708878191497 0.12252912893533308 
0.986108985775752 -0.0029530996007338588 , -0.4016768335749237 1.050888037320666 , 0.831022038991245 0.12417010237851155 
0.9750723263342207 -0.005358076707464944 , -0.4112362812032151 1.0527567557405972 , 0.8516181460610677 0.1247063610653114 
0.9625834261566495 -0.006240603535259212 , -0.42073711192195795 1.0545816595541118 , 0.8736078769573817 0.12376398407959112 
0.9486990235608053 -0.005102163516462031 , -0.4301802051857515 1.0563638018740575 , 0.8969353728170195 0.12084340174084825 
0.9337150767703004 -0.0013317466263058479 , -0.4395664324695016 1.0581041684293975 , 0.9213055468912745 0.1153326182953522 
0.9183662060070054 0.0056433886758492716 , -0.4488966425489514 1.059803667069152 , 0.9459846277340194 0.10665798435344265 
0.9039006088463623 0.015966177650359105 , -0.4581716398877139 1.061463119884447 , 0.969725222233425 0.0946757425636378 
0.8916462727902278 0.02898563150181244 , -0.46739216077313467 1.063083265469329 , 0.9912000791749803 0.0800361431273027 
0.8823111682933431 0.04353662615174162 , -0.47655885990911534 1.0646647767012833 , 1.0097018828078457 0.06390363724541916 
0.8758777974413136 0.058576630996929946 , -0.48567231589996884 1.0662082869379845 , 1.0252487096507288 0.047320122163529627 
0.8719732420589569 0.07344459108233836 , -0.4947330488508509 1.0677144120093158 , 1.0382139979839675 0.03094603700678992 
0.8701627783099499 0.08779049591562604 , -0.5037415393786963 1.0691837632736678 , 1.0490329522608197 0.015130780909150297 
