0.8821196797398214 0.27981755026833965 , 0.17378265630117073 0.8060209916022135 , 0.7147884701005508 0.3477407366362363 
0.8749106207597598 0.2744302207533558 , 0.17675675654528564 0.7910770564229126 , 0.7190234288364975 0.3680720013305211 
0.8658530542864542 0.27016784907042934 , 0.17999688468669872 0.775929785566549 , 0.72484086716839 0.38748164386981115 
0.8551404956975499 0.26727206960048405 , 0.18352151917957152 0.7605770187962755 , 0.7320287912644214 0.4057301901100299 
0.8429951866274508 0.26594331833214385 , 0.18734976992975633 0.7450178852232329 , 0.7403458495843358 0.42261807495141274 
0.829657840273743 0.26633873674247505 , 0.19150108676890623 0.729252721758109 , 0.7495318790988936 0.43798782000620545 
0.8153780955831679 0.26857283997591425 , 0.19599508182430417 0.7132828284458123 , 0.7593176287340708 0.45172361008506295 
0.8004064352039021 0.2727203023941863 , 0.2008515368132681 0.6971100925176466 , 0.7694328341243727 0.46374888359495653 
0.7849879605790285 0.27882003511172687 , 0.20609064529472562 0.6807365375824249 , 0.7796122002677888 0.4740227058126376 
0.7693580596135002 0.2868797224220918 , 0.21173351551110578 0.6641638656748802 , 0.789599231016937 0.48253569040981736 
0.7537397173781207 0.2968800983333103 , 0.21780294158322455 0.6473930597809632 , 0.7991481471801977 0.48930612039251586 
0.7383420341237921 0.30877841390712735 , 0.22432444505556773 0.6304241109223471 , 0.8080243269621832 0.4943767536773149 
0.723359416597312 0.32251071321570624 , 0.23132759422513022 0.6132559375829283 , 0.8160037953191007 0.49781262770815476 
0.7089708698816369 0.33799266693310925 , 0.23884761797533136 0.5958865868954935 , 0.8228723182845746 0.49970002467818664 
0.6953388132983844 0.35511880079398295 , 0.24692732978408471 0.5783138561977513 , 0.8284246630590737 0.5001466215150551 
0.6826068750779466 0.37376001816862103 , 0.25561934167351846 0.5605365574484749 , 0.8324645893900778 0.4992827028896935 
0.6708962313522036 0.39375939259603243 , 0.26498843502666475 0.5425567632557399 , 0.8348061397626746 0.4972631226550171 
0.6603003559134387 0.414926370886738 , 0.27511369963581167 0.5243834880345565 , 0.8352767505922926 0.4942694195854949 
0.650878710901932 0.4370299051146913 , 0.2860895809613538 0.5060382562925027 , 0.8337225142782572 0.4905111170995954 
0.6426510668310557 0.45979180505697503 , 0.2980243024122054 0.48756262786765325 , 0.8300154368982818 0.486224845582161 
0.6355955510069863 0.4828829134607493 , 0.31103360466201746 0.46902659133516195 , 0.8240616504725391 0.48166977371087805 
0.6296540497753279 0.5059262458075903 , 0.32522836307596037 0.4505346862110419 , 0.8158083932902546 0.4771183464881571 
0.6247463113383539 0.5285115055042271 , 0.34069769322781945 0.43222496229191715 , 0.8052468015753694 0.47284281071064505 
0.620788553451122 0.5502218697926394 , 0.35749411368680645 0.41425737319316785 , 0.7924081390036143 0.469100035520982 
0.617707663836092 0.5706664249203212 , 0.37562974363561175 0.3967945971883947 , 0.7773533986698391 0.46611825639807336 
0.6154440554816186 0.589505941623589 , 0.3950876936813987 0.3799851567396025 , 0.7601590569785255 0.46408818014359776 
0.6139437754281355 0.6064627082011955 , 0.41584377900173497 0.36395886279472583 , 0.7409032517116723 0.46315770751086793 
0.6131455945746975 0.6213146641584498 , 0.43788870976065947 0.34883844402327374 , 0.7196565018061858 0.46342617032506567 
0.612967808122412 0.6338813680754859 , 0.4612416149592912 0.33476615408669863 , 0.6964813830598395 0.46493175634460465 
0.6132960554540302 0.6440106437924696 , 0.4859451366090065 0.32194309142778155 , 0.6714496140785061 0.46762554328653794 
0.6139720620299775 0.6515729822890517 , 0.512023711645754 0.31067394346494553 , 0.6446950324658114 0.47133235275279195 
0.6147855947348533 0.6564687325126618 , 0.5393789595553332 0.30138145442076947 , 0.6165262518513563 0.4757290915733579 
0.6154776160063218 0.6586487383888581 , 0.5676486157520596 0.29450141604448865 , 0.5875645743831615 0.48042912407344246 
0.615764795927065 0.6581373507000348 , 0.5962138651239911 0.2902315784282249 , 0.5587121450904867 0.4852103493785295 
0.6153805194287953 0.6550360107554323 , 0.6244729397611692 0.2883975829565626 , 0.5308373469515782 0.49014568479479426 
0.6141071907752506 0.6495009768179945 , 0.6520698157782896 0.2886221361645913 , 0.5045137995880027 0.49545616552420335 
0.6117847559212123 0.64171450958162 , 0.6788706348449292 0.2905395007990668 , 0.4800354153754014 0.5013252681261023 
0.608303184637568 0.6318668494656864 , 0.7048500440568458 0.29387498454641287 , 0.457537577447129 0.5078374444946899 
0.603590844212267 0.6201515012111994 , 0.7300132355494304 0.29843794997795453 , 0.43708672637984536 0.5149898273176352 
0.5976044880488461 0.6067696451102518 , 0.7543616900998711 0.304093119752881 , 0.4187246279928256 0.5227165136436563 
0.5903218393468544 0.5919391075982439 , 0.7778834737558461 0.3107342118672952 , 0.4024854930388423 0.53090595904125 
0.5817360621994785 0.5759039858776913 , 0.8005554282464105 0.3182645976216688 , 0.3883993156956539 0.539410695007429 
0.571851490179169 0.5589412283257924 , 0.8223511698835914 0.3265852660810186 , 0.37648814607878245 0.5480527840999782 
0.5606808276294606 0.5413608730288301 , 0.8432511810538746 0.3355900631243011 , 0.3667587974582076 0.556628342353658 
0.5482447709380799 0.523498279829691 , 0.8632515485126183 0.34516760218935955 , 0.35919448669084464 0.5649133964877386 
0.5345747448965157 0.5056995986423347 , 0.8823684173250712 0.3552077228350508 , 0.35374764391995595 0.5726719570294037 
0.5197181050793003 0.48830438757219385 , 0.9006370563848525 0.36560910742384944 , 0.3503356446773901 0.5796657835107458 
0.5037438113839102 0.47162993477054593 , 0.9181067736306285 0.3762849618838128 , 0.3488402211270042 0.5856643818524304 
0.48674644839231757 0.45596025849881755 , 0.9348342181654224 0.3871653572197513 , 0.3491101395838029 0.5904536627882203 
0.4688475521123671 0.4415404052674769 , 0.9508773218026271 0.39819658766017235 , 0.35096593222654865 0.5938422855791399 
0.4501944994112139 0.4285749814093857 , 0.96629100797522 0.4093387541000974 , 0.35420529875510887 0.595665542997306 
0.43095791635843844 0.4172292514108252 , 0.9811247778394624 0.4205627444383457 , 0.35860811194364206 0.5957872826576183 
0.41132857403760326 0.40763127618697353 , 0.9954217639991692 0.4318473569002443 , 0.3639404681047705 0.5941006454195713 
0.39151438240014874 0.39987398850015277 , 1.009218737688857 0.44317689659470655 , 0.36995768605253704 0.5905283934119298 
0.3717376734289735 0.39401653617272775 , 1.0225466503637952 0.45453931242510925 , 0.37640648234877405 0.5850234299089521 
0.3522326358944268 0.39008457402154123 , 1.0354314305743417 0.4659248198040114 , 0.38302673967277434 0.5775698846812364 
0.3332425575549903 0.3880694563886607 , 1.0478948728659487 0.47732492015531147 , 0.3895533757206039 0.5681849019628168 
0.3150164339173579 0.38792650789890243 , 1.05995553101633 0.4887317347946262 , 0.3957188412078551 0.5569210358132604 
0.29780450401269953 0.3895727598064242 , 1.0716295684363744 0.5001375904164991 , 0.4012567336924691 0.5438689282838657 
0.28185237661116475 0.39288473956645725 , 1.0829315346856314 0.5115348116359799 , 0.4059068948447468 0.5291597273043518 
0.26739362535453126 0.3976970673123258 , 1.0938750394155345 0.5229156863082767 , 0.4094221413714772 0.5129665248861865 
0.2546410544355354 0.4038026895469762 , 1.1044732932432324 0.5342725699330781 , 0.4115764584627752 0.49550401902673474 
0.2437772246269505 0.4109554988200805 , 1.1147394871940377 0.5455980883833741 , 0.4121740943205549 0.47702569130333444 
0.23494518850391605 0.4188758017247119 , 1.1246869936278687 0.5568853888370787 , 0.41105862400975846 0.4578180879449984 
0.22824058662241895 0.4272586244326764 , 1.1343293922551376 0.568128384145672 , 0.4081208272639867 0.4381922699284406 
0.22370619631602828 0.43578429067057944 , 1.143680349644733 0.5793219414014106 , 0.40330426018078197 0.418473046434799 
0.2213296784644352 0.4441302382719884 , 1.1527534009719473 0.5904619818760666 , 0.39660772670516087 0.398987058358734 
0.22104472544285586 0.4519828126479293 , 1.161561691434602 0.6015454820882579 , 0.38808438926408545 0.38005098377060187 
0.22273524577933154 0.4590478552457931 , 1.1701177297861736 0.6125703870623187 , 0.37783783057603837 0.3619610361986772 
0.2262417975690501 0.46505924016431494 , 1.178433191474569 0.623535460815228 , 0.3660158170979244 0.344984577527246 
0.23136929815498214 0.4697849677428504 , 1.1865187904631347 0.6344401037182931 , 0.35280271752342657 0.32935420704564544 
0.23789508737212228 0.47303085422413 , 1.1943842227247894 0.6452841634164236 , 0.3384114960446319 0.3152642608662353 
0.24557663006179667 0.47464216340608933 , 1.2020381736249228 0.6560677590268452 , 0.32307600245482404 0.3028693560738543 
0.2541584139790987 0.4745036786368627 , 1.2094883761497135 0.6667911306906629 , 0.3070440160127313 0.29228446917926326 
0.26337785387019935 0.47253873280647346 , 1.2167417057813243 0.677454520224039 , 0.2905712464900198 0.2835860254762764 
0.2729702083357407 0.46870764538743204 , 1.2238042989571736 0.6880580842872445 , 0.2739162988486291 0.2768135488321124 
0.2826726413079429 0.4630059048566628 , 1.230681684002298 0.6986018389589721 , 0.2573364808313025 0.2719715346911539 
0.2922276221775851 0.45546231624780775 , 1.237378915300809 0.7090856332912387 , 0.24108426866314936 0.2690313289677423 
0.3013858733951964 0.44613722746725104 , 1.2439007029207076 0.7195091487152664 , 0.22540422982563948 0.2679329023242714 
0.3099090577928063 0.43512086349157253 , 1.2502515309538342 0.7298719206069023 , 0.21053021739490296 0.268586494408314 
0.3175723630593572 0.42253173662699595 , 1.2564357587226986 0.7401733776543268 , 0.19668268435948758 0.2708741642254661 
0.3241670972855314 0.4085150618360634 , 1.2624577000479498 0.7504128938763814 , 0.1840660088080623 0.27465132279434396 
0.3295033637857639 0.39324108522396645 , 1.2683216772125985 0.7605898473771736 , 0.1728657651431811 0.2797483459056488 
0.3334128398315226 0.3769032270248648 , 1.2740320481900964 0.7707036794606763 , 0.16324591811992445 0.2859723720212477 
0.3357516451999802 0.3597159436450976 , 1.279593208001907 0.7807539478383362 , 0.15534595293965628 0.293109387023355 
0.33640325386377673 0.34191222258244963 , 1.2850095674271276 0.7907403685023131 , 0.14927798485063912 0.30092668742202605 
0.33528137563773025 0.32374063612900117 , 1.2902855142983352 0.8006628423762815 , 0.14512391620547815 0.3091758000015062 
0.33233271276152465 0.30546189269077134 , 1.2954253639208293 0.8105214648659119 , 0.14293272945918964 0.3175959209501055 
0.32753947691125335 0.28734483804415556 , 1.3004333055453925 0.8203165185540816 , 0.1427180236848978 0.3259179219085516 
0.3209215325398226 0.2696618745695565 , 1.3053133513249031 0.8300484511503162 , 0.14445592227681797 0.33386895278691603 
0.31253801126291647 0.2526837878944598 , 1.310069293002052 0.8397178421376041 , 0.14808350187657512 0.34117764847472476 
0.3024882199041206 0.23667400194209592 , 1.3147046700213654 0.8493253622514313 , 0.15349791621605774 0.34757991431326146 
0.29091164553542015 0.221882329441815 , 1.3192227511428731 0.8588717300226639 , 0.16055640946325042 0.3528252190423098 
0.2779868515193589 0.2085383479575173 , 1.3236265301828183 0.8683576692695143 , 0.16907742443936652 0.35668326127975714 
0.2639290690089918 0.19684461003593573 , 1.3279187353282405 0.8777838708189745 , 0.1788430018043115 0.35895079765187854 
0.24898632922835287 0.18696998314827004 , 1.3321018505725353 0.887150961031323 , 0.18960262634065572 0.3594583343271957 
0.23343406138828346 0.179043497155191 , 1.3361781471400958 0.8964594789866522 , 0.2010785976131646 0.3580763023649454 
0.2175682011006143 0.1731491348959703 , 1.3401497222379366 0.9057098634964817 , 0.212972882802993 0.35472028011433665 
0.20169700623044928 0.1693220138176876 , 1.344018542048012 0.9149024504044725 , 0.22497525786308262 0.34935481428462856 
0.18613194090006133 0.16754635570265694 , 1.3477864855680706 0.9240374799011031 , 0.23677237967341203 0.34199544290302863 
0.1711781335825641 0.16775552078624517 , 1.3514553857903253 0.9331151127839611 , 0.2480572867686546 0.33270864493658237 
