0.08271017450710483 0.8316749942092062 , 0.7694592270274783 0.8566843294956452 , 0.0026293049208073738 0.8211702188957948 
0.08926127000263746 0.8275694015384745 , 0.7613474818220962 0.8720919536374673 , 0.004189954630656771 0.8098681874247046 
0.09236632745893203 0.822716584598649 , 0.7528545887542033 0.8874716467867851 , 0.009577790242255142 0.7993413112152121 
0.09208297114131174 0.8168667842102142 , 0.743970600224478 0.9028094528876763 , 0.018745135089600674 0.7898533055027557 
0.0884339684715922 0.8097248661535738 , 0.7346866046829729 0.9180902560904015 , 0.0316781333008254 0.7817144203566709 
0.08158274004251868 0.8009302678101297 , 0.7249947553615543 0.9332977772157349 , 0.048221211051317436 0.7753014975747816 
0.07233813076856246 0.7901736739268808 , 0.7148880580841778 0.9484145313912491 , 0.0675725176026502 0.7709413372825163 
0.06285805584141393 0.7776545771722104 , 0.7043598784907292 0.9634217084652121 , 0.08758077212324725 0.7684532569632236 
0.05582125645830821 0.7643639893441473 , 0.693403449281798 0.9782990381467422 , 0.10557400071528424 0.7668665151097567 
0.052555201564742096 0.7513209290611798 , 0.6820120231605576 0.9930248039597166 , 0.1202314817300907 0.7651838095797499 
0.05325723861553046 0.739126301436464 , 0.6701796512664246 1.007576024849252 , 0.13136181657343535 0.7628272163149302 
0.0577867921800761 0.7281189543297896 , 0.6579020243020463 1.0219287384876186 , 0.13910988997326806 0.7594818497832381 
0.06599473770095725 0.718550432399909 , 0.6451771189654844 1.036058352908959 , 0.14362684978894882 0.754920757291778 
0.07779407051893002 0.710679945601516 , 0.6320056059938387 1.0499400239565144 , 0.14499902994262173 0.7489095730426155 
0.09311591583397894 0.7048216884393287 , 0.618391014992199 1.0635489830632916 , 0.1432917756292126 0.7411588710980256 
0.1117168923287608 0.7013300473435955 , 0.6043396514481568 1.0768607020782135 , 0.13874216267847286 0.7313387931788369 
0.13267180784488253 0.7003827951669682 , 0.5898602656421438 1.089850754778326 , 0.13226663296836422 0.7192959926553516 
0.1537908456949345 0.7014022488254332 , 0.5749635285730224 1.1024943156905085 , 0.12604433218743372 0.7056329780847043 
0.1726384678246384 0.7029944481490615 , 0.5596616093848795 1.1147656869760034 , 0.12249862924587261 0.6917694074755809 
0.18816258742713432 0.7040146201368037 , 0.5439683239473512 1.1266386449280568 , 0.12266779508090507 0.6788762775357855 
0.20029450873156915 0.7038944346370026 , 0.527899654435535 1.1380875121997462 , 0.1266045432882864 0.6675475957638971 
0.20922123575794643 0.7023544852777973 , 0.5114740742960391 1.1490882877250552 , 0.13410339640140503 0.6580867695977933 
0.21511452348437746 0.6991896161646202 , 0.4947125137276234 1.1596195252643564 , 0.14497166924338967 0.6507204011716693 
0.21808701683442802 0.6941689468474743 , 0.47763805540714566 1.1696628847590493 , 0.15907363421381684 0.6456977109941222 
0.2182523630096953 0.6869995117910592 , 0.46027550969750347 1.1792033390128704 , 0.17627083374819172 0.6433266917967163 
0.2159306248929688 0.6773815308983846 , 0.4426510196234186 1.1882290335951895 , 0.19621706193900312 0.6439189781070719 
0.21213597808837223 0.6653322211949585 , 0.424791820289205 1.1967308079241088 , 0.21787090807781326 0.6474665134815786 
0.20899422553097566 0.6518575994132839 , 0.40672618161003576 1.2047014643144334 , 0.23907829931437902 0.6529704788729286 
0.20858738178652161 0.6387423524744608 , 0.3884833205382302 1.2121352141321684 , 0.2577280041306386 0.6586519759940167 
0.2116489815164841 0.6272537270807883 , 0.37009298677357383 1.2190279085324478 , 0.2730567381653325 0.6632479069874098 
0.2180973408083008 0.6179588523658336 , 0.35158482087467635 1.225377722620998 , 0.28511654477241327 0.6661929676138142 
0.22767190597941245 0.6111185222358845 , 0.33298771615940737 1.2311856032813782 , 0.29413908431657054 0.6672254170833832 
0.24014222354145717 0.6069282298250288 , 0.3143293030654204 1.2364553277979542 , 0.3003271798485128 0.6661459849776629 
0.2553252845984235 0.6056176807996515 , 0.29563561015646095 1.2411932930791587 , 0.30383781170050594 0.6627185687218358 
0.27300986424913926 0.6074710312504169 , 0.2769309237761406 1.245408181612075 , 0.30485791843011056 0.6566503297381541 
0.29274153509091105 0.6127201437312767 , 0.2582378508022251 1.249110612976263 , 0.30381932056225425 0.6476987858931064 
0.31337694674124444 0.6211004655742342 , 0.23957757575185273 1.2523128345299277 , 0.30184418396229323 0.6361162424964842 
0.33289071153140115 0.6311421622751926 , 0.22097023598684873 1.2550284276927601 , 0.30093775893714053 0.6233589526326934 
0.3496230100678714 0.6407527810434929 , 0.20243512336028538 1.2572719647631707 , 0.3027405730272337 0.6115047967939825 
0.3631560234569239 0.64863558814582 , 0.18399042989866432 1.2590586860945185 , 0.3076522530998022 0.6018352683603077 
0.3736807560276682 0.654266965370557 , 0.16565281866634707 1.2604042745854391 , 0.3154651317613752 0.5948583026446501 
0.3814838009225441 0.6574208330497041 , 0.1474371550619721 1.2613246664360436 , 0.32587775047087425 0.5907840431148985 
0.38680840916460657 0.6579188245981358 , 0.1293564379984614 1.2618358752922934 , 0.3386338592923225 0.5897748427102171 
0.3898648364303041 0.655538991549201 , 0.11142186730368564 1.2619538534780343 , 0.35351200272140065 0.5920366975734109 
0.39091987467851597 0.650018814920457 , 0.09364298860120315 1.2616944171494915 , 0.3702358431756713 0.5978163105306978 
0.3905121881021513 0.6412263065856645 , 0.07602788175008487 1.2610732518103611 , 0.38825863660315424 0.6072299842046208 
0.3898225539759506 0.6297295212652348 , 0.05858338467253603 1.2601059927638927 , 0.4063927678069038 0.6196940285715188 
0.3906117737861537 0.6174526699269809 , 0.04131535199282911 1.2588083082477244 , 0.4228715806764077 0.633268564425941 
0.394002667524879 0.6066542236942465 , 0.02422887620179336 1.25719581741093 , 0.4365671627287181 0.6456795014954699 
0.4000718385595876 0.5985413455712313 , 0.007328344726066225 1.2552838217206705 , 0.44739852316973666 0.6557043753087445 
0.40850629310286724 0.5935314545550817 , -0.009382604280331438 1.2530870599208987 , 0.4556750176328547 0.6629110281246658 
0.4189759262437253 0.5917763031885714 , -0.025901103707477436 1.2506195763486325 , 0.4617238839191426 0.6671336630634422 
0.4312046430917561 0.593402659585531 , -0.042225032929939094 1.2478946785265967 , 0.46581909629357343 0.6682322044885184 
0.4449355211970369 0.5985875644998103 , -0.05835296682025521 1.2449249549111998 , 0.4682161520786088 0.6660170231896358 
0.45983292978839857 0.6075255375213335 , -0.07428411836373312 1.2417223385357405 , 0.46924989503072506 0.6602816665435718 
0.4752834795962708 0.6201848974314376 , -0.09001828419789609 1.2382982124077595 , 0.4695335110570158 0.6510464327614488 
0.49014047687823004 0.6356275499272249 , -0.1055557858558859 1.234663550837135 , 0.4702140154330464 0.6392384418362858 
0.5030246516300282 0.6515074665511041 , -0.12089737841680968 1.2308290529476562 , 0.4726714332421721 0.6271930231018854 
0.5133525378802428 0.6655109584412783 , -0.1360441185854064 1.2268051570982088 , 0.47749028716055414 0.6172134270611586 
0.5213233127237831 0.6765625112858716 , -0.1509972641936603 1.2226019165242175 , 0.48447265792526784 0.6103651147905564 
0.5273265460949659 0.6843442413674191 , -0.16575823768945652 1.218228874323612 , 0.4932303980498813 0.6069564269096144 
0.5317103300304733 0.688758899623348 , -0.1803286172077597 1.213695004806222 , 0.5034169936326771 0.6070756381710753 
0.534768172465364 0.6897112882450824 , -0.19471013288100555 1.2090087095948145 , 0.5147406668710323 0.6108095447607484 
0.5367921213892349 0.6870543837850109 , -0.20890466552255818 1.2041778487134216 , 0.526911250588714 0.6182973101022129 
0.5381706831503594 0.6806563773242669 , -0.22291425027143222 1.199209796203546 , 0.5395422735764636 0.6296633690728327 
0.5395504576383703 0.6707191204015182 , -0.23674108586460413 1.194111517819632 , 0.5519893346816246 0.6446989043794953 
0.5419406342281292 0.6585364267057924 , -0.25038754081295356 1.188889669242435 , 0.5632456130402151 0.6621034466524178 
0.5462305080021604 0.6467470426356883 , -0.26385612912939443 1.1835506906218174 , 0.5724243275826248 0.6792318093431396 
0.5524923275936243 0.6375685282932729 , -0.2771494370569504 1.178100830944917 , 0.579455815918717 0.6938601833624553 
0.560316066901328 0.6318813741634154 , -0.29027005031644143 1.1725460898398403 , 0.5847526898705043 0.7051020785973894 
0.5692700880661695 0.6298782854413989 , -0.303220522213927 1.1668921540049304 , 0.5887491406031483 0.7127591031543157 
0.5790039933676068 0.6315830798238458 , -0.3160033694833481 1.1611443668855423 , 0.5917980825711322 0.716802095891257 
0.5892155881978562 0.6370389127225272 , -0.32862107989553885 1.1553077275444095 , 0.5942041981530736 0.7171829023337083 
0.5995863438066134 0.6463377094325284 , -0.34107612579240815 1.149386909072147 , 0.5962884884411858 0.7138049240959696 
0.6096929558926912 0.659516512914465 , -0.3533709824575037 1.1433862914811554 , 0.5984767330202034 0.7066267382050246 
0.6189059148965235 0.6761680159359159 , -0.36550815009191495 1.1373100086178112 , 0.6014009416507825 0.6960515180469181 
0.6264620391110944 0.6946509763074966 , -0.377490171764484 1.1311620090443355 , 0.6058268391087807 0.6837165572488131 
0.6320370609781236 0.7121570707596772 , -0.38931962596486236 1.124946115555529 , 0.6120812714421299 0.6724263562854392 
0.6360141108117937 0.7266624463166146 , -0.4009990811668866 1.1186660413225995 , 0.619783676810484 0.6642010549614313 
0.6389532266805956 0.737491197820615 , -0.41253104969577165 1.1123253568051883 , 0.6283765294705671 0.6597129879748421 
0.6413028578594945 0.7445609037338191 , -0.4239179692406051 1.105927452810697 , 0.6374138178365016 0.6590411860561292 
0.6434080361179779 0.7479067011196765 , -0.4351622040188271 1.0994755216515273 , 0.6465528743562402 0.6621473198294416 
0.6455776243682182 0.7475284201492115 , -0.446266054933295 1.0929725549093017 , 0.6554871370204678 0.6690285675421324 
0.6481532560545045 0.7433869635138047 , -0.45723177421809197 1.0864213530566451 , 0.6638772246189785 0.6797212260301957 
0.6515778395735246 0.7355445351575491 , -0.46806158320741514 1.079824544651897 , 0.6712824500892816 0.6941604627911995 
0.656413785768174 0.724614400246075 , -0.4787576916482082 1.0731846154882707 , 0.6771426123354252 0.7117305268662999 
0.6630832145053962 0.7125235811708844 , -0.4893223120450863 1.0665039478395786 , 0.6810378039950812 0.7305020135901826 
0.6713221773188961 0.7020895646535569 , -0.4997576534108449 1.0597848582971723 , 0.6832341825473399 0.7476551196499166 
0.6803800077208542 0.6950487228176147 , -0.5100658896918738 1.0530296056689474 , 0.6844845884264108 0.7614512141140838 
0.6896133525808464 0.691858634444492 , -0.520249131781784 1.0462403680923782 , 0.6854344856563287 0.7714305400637756 
0.6985869798296153 0.6924924890102029 , -0.530309419213701 1.0394192186407187 , 0.6865211458394769 0.7776178349497241 
0.7069760621541306 0.696854256038922 , -0.5402487245390507 1.032568112266597 , 0.6880713688403112 0.7801071742951267 
0.7144761376314879 0.7048938652146606 , -0.5500689632429707 1.0256888832494908 , 0.6903915320668739 0.7789467941364943 
0.7207368199805719 0.7165849820420104 , -0.5597720062162621 1.0187832505788517 , 0.6938338926910812 0.7741613099797836 
0.7253244095203645 0.7317506309053088 , -0.5693596936850972 1.011852830257711 , 0.6988339906201237 0.765926081437626 
0.7278083024391727 0.7495709685008676 , -0.5788338489580742 1.0048991551550517 , 0.7058242529742924 0.7550594189447266 
0.7281979414798345 0.7679111707173464 , -0.5881962864232642 0.9979237022527807 , 0.7147970513988205 0.7436946696305188 
0.727333239674841 0.784093084756258 , -0.5974488031132079 0.9909279174825212 , 0.7249142698937578 0.7345085403618666 
0.7262402085183554 0.7967203493280122 , -0.6065931555827732 0.983913217797512 , 0.7351516535198086 0.7288959754751216 
0.7255940073051209 0.8055417943713072 , -0.6156310440954679 0.9768809732304696 , 0.7448357432457379 0.7271067749988688 
0.7258000135456892 0.8106769008541028 , -0.624564111050573 0.969832489328745 , 0.7535628039602746 0.7290201524177979 
