0.6785660303496496 0.1068525026733782 , 0.5843684210828229 0.7180813889436125 , 0.9332110560303345 0.042719195335966686 
0.6824325390755228 0.10156323623584773 , 0.5956820386104522 0.7104491380903405 , 0.918030929776832 0.05564071262676918 
0.687603185519997 0.0962644541975514 , 0.6071121451529202 0.7024014199374891 , 0.9014301767898898 0.06898721281791692 
0.6943335987245011 0.09101722550877683 , 0.6186598823656846 0.6939185311324227 , 0.8831520263726214 0.0827173303117578 
0.7029629822216742 0.0859432750304596 , 0.6303266239268646 0.6849773490394205 , 0.8628559013142683 0.09673246288307719 
0.7139328306749967 0.08129117682565809 , 0.6421136480962729 0.6755503997096346 , 0.8400990286915374 0.11081151041766464 
0.7277479426022841 0.07757820106482202 , 0.6540214449701185 0.6656047382205448 , 0.8143761198904045 0.12447014766759057 
0.7446613033007918 0.07583156150062435 , 0.6660483557607507 0.655100852499188 , 0.7854358484012647 0.13672067295314497 
0.7636767938963854 0.07755802415598034 , 0.6781882392565963 0.6439923795542093 , 0.7542804743098255 0.14610268324276773 
0.7821262304740321 0.08338467709797921 , 0.6904277941348586 0.6322281414621909 , 0.7235914828539166 0.15204026839278728 
0.798129065678605 0.09232515172230212 , 0.7027460045157287 0.6197560353062932 , 0.6952704372684736 0.15557189992436204 
0.8114039435511027 0.1032322336489444 , 0.7151160812535932 0.60652511594121 , 0.6696254826581114 0.15789573736280293 
0.822255675296905 0.11540115080684195 , 0.7275076538195344 0.5924852439389636 , 0.6463821783463677 0.15976669220715167 
0.8310507016520775 0.12845898965313066 , 0.7398884453897183 0.5775855180602398 , 0.6252063604210114 0.1616085792395868 
0.838092590752249 0.14222010362897444 , 0.7522255938411858 0.5617719270716494 , 0.6058273228693725 0.1636610562523335 
0.8436125456758127 0.1566056913780475 , 0.7644868290517567 0.5449840504228414 , 0.5880461327352379 0.16606334515206844 
0.8477823760250163 0.17160554123816504 , 0.7766416472685227 0.5271502735948415 , 0.5717214841692683 0.16889727211995076 
0.8507280382118065 0.1872628579467231 , 0.7886625769355623 0.5081805312637023 , 0.5567548923154383 0.1722096977425319 
0.8525398743781619 0.20367360862284442 , 0.8005265780365489 0.48795477001272314 , 0.5430790550480964 0.17602470831738978 
0.8532798352105218 0.22099883379293908 , 0.8122164519081926 0.4663036863754835 , 0.530649220344093 0.1803505667845348 
0.8529872892179787 0.2394942429606747 , 0.8237214760357976 0.4429749744357178 , 0.519436742209031 0.18518386955656485 
0.8516877919088266 0.25956875095437965 , 0.8350336610864544 0.41757218743486896 , 0.5094240544675264 0.19051214856370877 
0.8494221935345541 0.28188730522107974 , 0.8461229205653885 0.3894502275579978 , 0.5006003933628648 0.1963155541738798 
0.8463794174246114 0.30743358964326395 , 0.8568085286946197 0.35765161543824137 , 0.4929575613435762 0.20256788187145203 
0.8434371900271868 0.33632942614849654 , 0.8662235865193803 0.3220868940864406 , 0.48648473091624034 0.20923676671802022 
0.8419541972288462 0.36373124327575057 , 0.873029518606717 0.2876395504240969 , 0.48116179162724415 0.21628229325310988 
0.8413501887834854 0.3873984433219169 , 0.8778369009553122 0.2565974776760716 , 0.4769584177240097 0.22365716595496882 
0.8409851755254512 0.40810402213255464 , 0.8813205265348409 0.22823631415320655 , 0.4738398054025153 0.23131275066719614 
0.8405604680060259 0.4266200625174854 , 0.8838151819519223 0.20182952033166165 , 0.47176985750485917 0.2392035041038103 
0.8399348470998055 0.4434509267119222 , 0.8854980519306368 0.17691324777067483 , 0.4707126084323652 0.24728891247036036 
0.8390346149690557 0.4589225989520966 , 0.8864778491066155 0.15319628157112594 , 0.47063304338713613 0.2555342064297349 
0.8378171448117554 0.4732535238159746 , 0.8868306962371956 0.13048904629715175 , 0.4714976664138563 0.26391051683983113 
0.8362550382990392 0.4865954567386479 , 0.8866155378858922 0.10866284841119984 , 0.4732749312778759 0.2723947818031097 
0.8343285762653186 0.4990567346446878 , 0.8858813466722817 0.08762679139814773 , 0.475935584525207 0.280969560910122 
0.8320217987078387 0.5107159698390167 , 0.8846707575698826 0.06731427555528345 , 0.4794529511850862 0.2896228415586574 
0.8293202963178109 0.5216304039217904 , 0.8830220240362092 0.047674795243974055 , 0.48380318710878734 0.2983478877871931 
0.8262098547376884 0.531841147600983 , 0.8809701334933687 0.028668773811829317 , 0.48896551923175047 0.30714316554014526 
0.8226755350925633 0.5413765074087782 , 0.878547478464413 0.010264207682103576 , 0.49492249390583143 0.31601237186207587 
0.8187009723454616 0.5502540650410366 , 0.8757842816748386 -0.007565573998132971 , 0.5016602534425075 0.324964595910054 
0.8142677662443032 0.5584818814967287 , 0.8727088790189346 -0.024843440414557053 , 0.5091688621995699 0.3340146458707859 
0.8093548843769508 0.5660590254211156 , 0.8693479169405616 -0.04158952688411784 , 0.5174427061452953 0.3431835884159598 
0.8039380173591268 0.5729755115101953 , 0.8657264960105068 -0.05782199288049634 , 0.5264809940931741 0.3524995683232586 
0.7979888335239034 0.579211645960306 , 0.8618682790597445 -0.07355756857152704 , 0.5362883948791598 0.3619990095641786 
0.7914740803437481 0.5847366880042046 , 0.8577955747218904 -0.0888119542808287 , 0.5468758523971692 0.3717283532295817 
0.7843544765720213 0.5895066269169609 , 0.8535294029076281 -0.10360011597419914 , 0.5582616279831583 0.3817465760101959 
0.7765833399394527 0.5934607123143326 , 0.849089546134545 -0.11793650616885483 , 0.57047262138881 0.3921288808074799 
0.7681049187394223 0.59651611267106 , 0.8444945889675647 -0.1318352306881071 , 0.5835459997558208 0.40297220497000474 
0.7588524953707381 0.5985596247811369 , 0.8397619466054215 -0.14531017570684235 , 0.5975310654866482 0.4144036378786631 
0.7487466669735436 0.5994345594147014 , 0.8349078825275423 -0.1583751054736145 , 0.6124909579617218 0.4265936330118708 
0.7376952877010478 0.5989195477161393 , 0.8299475137367278 -0.1710437382062598 , 0.6285027060250322 0.43977727744307815 
0.7256000434369493 0.5966939558812537 , 0.8248947999613297 -0.18332980523877346 , 0.6456506640645288 0.45428893631047745 
0.712386246814668 0.592283871892712 , 0.8197625091999756 -0.19524709535827042 , 0.6639967514481642 0.4706163104185161 
0.6981113368125506 0.585000081642587 , 0.8145621442048081 -0.20680947910792194 , 0.6834720264454491 0.48946248441829265 
0.6833143980229285 0.5740137220533212 , 0.8093038003505432 -0.21803088566949824 , 0.7035273090893361 0.5116702505691347 
0.6697239306141998 0.5592297745695876 , 0.803995915397814 -0.228925135381942 , 0.722425661450794 0.5373484477653122 
0.659612104189188 0.5428615112577633 , 0.7986449774969706 -0.23950540506558127 , 0.7378884257766493 0.5642969807607758 
0.6531916495681104 0.5273443991260159 , 0.7932556387236609 -0.24978339609531516 , 0.7496982191710366 0.5900920839222571 
0.6495210467096715 0.5134430478761467 , 0.7878313545448347 -0.2597690259674409 , 0.7587931062083018 0.613979065044252 
0.6477829315339829 0.5011383107143637 , 0.782374949158635 -0.269470667001554 , 0.7659876267701899 0.6359854432401482 
0.6474379210289177 0.4902344071429303 , 0.7768889371668867 -0.2788954831052594 , 0.7718186492670035 0.656314162915287 
0.6481373942136357 0.4805314118637915 , 0.7713756909503006 -0.2880497107073763 , 0.7766324222988716 0.6751713857965427 
0.6496486868286276 0.47186050452987005 , 0.7658375273398705 -0.2969388717259611 , 0.7806592932943097 0.6927314541490489 
0.6518100385279721 0.4640852948686349 , 0.7602767520219922 -0.3055679330982645 , 0.7840587169128436 0.7091357251825874 
0.6545045335416818 0.45709629303028504 , 0.7546956809608767 -0.3139414273545017 , 0.7869452929602494 0.7244982212771744 
0.6576447164558993 0.45080510921620753 , 0.7490966488603812 -0.32206354495855294 , 0.7894041421465273 0.7389115226953031 
0.6611631892593943 0.4451397261094 , 0.7434820101308254 -0.32993820591541195 , 0.7915003080725881 0.7524515667589696 
0.6650066522453992 0.44004089226222876 , 0.7378541354807762 -0.33756911587440064 , 0.7932847197366325 0.7651813105651296 
0.6691319973258378 0.43545941730089965 , 0.7322154059870832 -0.34495981042265866 , 0.7947981041498868 0.7771534800747167 
0.6735036674192777 0.4313541422634498 , 0.7265682057815315 -0.3521136902277106 , 0.7960736342619988 0.7884126349172185 
0.6780918223567771 0.4276904048472355 , 0.7209149140728313 -0.3590340489803498 , 0.7971387710331996 0.7989967310860719 
0.6828710337604047 0.42443886675223297 , 0.7152578969676079 -0.36572409559760616 , 0.7980165767347955 0.8089383157983309 
0.6878193360521653 0.42157460761011706 , 0.7095994993940709 -0.37218697179808014 , 0.798726672016572 0.8182654511409208 
0.6929175228872887 0.4190764171396701 , 0.7039420373287636 -0.37842576591185517 , 0.7992859472467558 0.8270024357251429 
0.6981486162680801 0.4169262364107781 , 0.6982877904582802 -0.38444352360411316 , 0.7997091007364479 0.8351703741462929 
0.7034974594159059 0.4151087126492752 , 0.6926389953612037 -0.39024325605526716 , 0.8000090526856986 0.8427876303589499 
0.7089503997962651 0.4136108415844621 , 0.6869978392629932 -0.3958279460372789 , 0.80019726840355 0.8498701914057747 
0.7144950387623787 0.412421678150186 , 0.6813664543933352 -0.4012005522465206 , 0.8002840143070943 0.8564319610492925 
0.7201200310384018 0.4115321012430898 , 0.6757469129585684 -0.40636401219160084 , 0.800278563465838 0.8624849979014689 
0.725814921878501 0.4109346217967202 , 0.6701412227292666 -0.4113212438854446 , 0.8001893628550406 0.8680397090416824 
0.731570012942551 0.41062322604454016 , 0.6645513232336709 -0.41607514655136507 , 0.8000241712865863 0.8731050074597828 
0.7373762501861335 0.4105932477923397 , 0.6589790825405681 -0.42062860052054524 , 0.7997901747361065 0.8776884396811635 
0.7432251286711861 0.4108412649916551 , 0.6534262946098702 -0.4249844664715795 , 0.7994940841817518 0.8817962884328825 
0.7491086103607202 0.41136501703476935 , 0.6478946771851687 -0.42914558414025517 , 0.7991422199169192 0.8854336540584439 
0.7550190517976013 0.41216334007440963 , 0.6423858701996542 -0.43311477060866976 , 0.7987405854655526 0.8886045174872181 
0.7609491391717439 0.41323611837688173 , 0.6369014346648068 -0.4368948182663917 , 0.7982949336262574 0.8913117868424679 
0.7668918287120338 0.41458425029763335 , 0.6314428520100368 -0.44048849252216205 , 0.7978108267407376 0.8935573291774866 
0.7728402906391814 0.4162096279624913 , 0.6260115238408686 -0.44389852933220886 , 0.7972936929827583 0.8953419883226755 
0.7787878551101423 0.41811513017741075 , 0.6206087720832281 -0.4471276326002973 , 0.796748880269438 0.8966655893758445 
0.7847279586901629 0.4203046285008609 , 0.6152358394818445 -0.45017847149492496 , 0.796181709290801 0.897526929947022 
0.7906540899133239 0.4227830068197651 , 0.6098938904216418 -0.45305367772039945 , 0.7955975271278426 0.8979237578535924 
0.7965597324380267 0.4255561951956208 , 0.6045840120422372 -0.4557558427707429 , 0.7950017629825444 0.89785273452808 
0.8024383041646306 0.42863121921709396 , 0.5993072156172307 -0.4582875151883144 , 0.7943999876809472 0.8973093829241784 
0.8082830904451013 0.4320162666380111 , 0.5940644381718428 -0.4606511978426065 , 0.7937979788458643 0.8962880181575533 
0.8140871691561717 0.4357207737309987 , 0.5888565443146109 -0.4628493452387356 , 0.7932017939920258 0.8947816584606949 
0.8198433248923689 0.4397555345931843 , 0.5836843282612814 -0.4648843608596003 , 0.7926178543091583 0.8927819132193741 
0.8255439488093302 0.4441328376630797 , 0.578548516031758 -0.466758594540404 , 0.7920530426217204 0.8902788438302824 
0.8311809196303712 0.44886663503157603 , 0.5734497678039904 -0.4684743398691125 , 0.7915148200284471 0.8872607917904947 
0.8367454598991354 0.453972751873145 , 0.5683886804120906 -0.47003383160129186 , 0.7910113671515827 0.883714166681105 
0.8422279595348869 0.45946914565390706 , 0.5633657899798208 -0.47143924307249824 , 0.790551757948101 0.8796231843715493 
0.8476177558427768 0.4653762279334379 , 0.5583815746850394 -0.4726926835857549 , 0.7901461769349926 0.874969542605275 
0.8529028549090569 0.4717172659208292 , 0.5534364576559312 -0.4737961957454195 , 0.7898061948978206 0.8697320167775484 
