0.049933966049612866 0.27966622488855064 , 0.5231532619264645 0.17627999388001414 , 0.3156128928862584 0.7737969371250559 
0.06939727452239121 0.28315604320906357 , 0.510338387230429 0.1754041903097764 , 0.3089644591095156 0.7711829223747807 
0.08944153338566158 0.2868274857418354 , 0.497006410039618 0.1748664169129676 , 0.30225217743705624 0.7680492532388177 
0.1101217312564989 0.29067548978821 , 0.4830999615837298 0.1746999472337862 , 0.29547842802210705 0.7643677188716245 
0.13150402670836667 0.29468656284218314 , 0.46854828254082165 0.17494984472397307 , 0.28864781161314745 0.7601067483274645 
0.1536689735337851 0.2988333354531531 , 0.45326331064409653 0.17567864018412052 , 0.28176783668445415 0.7552311802563471 
0.17671556179916792 0.3030653753943358 , 0.43713475969774573 0.17697562425990707 , 0.27484979936542214 0.7497021562393777 
0.20076553790603568 0.30729337936909 , 0.4200247093370481 0.17897251776376352 , 0.267909873619252 0.7434772587607671 
0.2259653526373091 0.31136159929418233 , 0.4017643864308203 0.18187047156856917 , 0.2609703817942064 0.7365110850308692 
0.2524760552186503 0.31500032706466796 , 0.38216296684063894 0.18598629688170634 , 0.2540610988030466 0.7287565319472463 
0.2804200508780103 0.31775168017781935 , 0.36105987583236315 0.19182436184690263 , 0.2472201941519624 0.7201671138688986 
0.3097031711681876 0.31889888158260493 , 0.33850297986819455 0.20014381550660107 , 0.2404939698259537 0.7107004588044146 
0.33961760892845266 0.3175970014188207 , 0.3151484728421527 0.21182391351052737 , 0.23393403909173044 0.7003222409642725 
0.36861717787831927 0.31356349426301683 , 0.29249188728374853 0.22717205416647523 , 0.22759105570026797 0.6890076074641286 
0.39527091514872514 0.3076260992651249 , 0.27192161903302187 0.24538134623403912 , 0.22150758668058876 0.6767357103944566 
0.4192040032205649 0.3009321750852034 , 0.25378057642042656 0.2653325683123302 , 0.21571554122134431 0.663478412496087 
0.4406982585079152 0.294233108506745 , 0.23776378547188667 0.2863208075957721 , 0.21023807688253388 0.6491892397911034 
0.4601629109048151 0.28789747139226585 , 0.22344514462415208 0.308052312215443 , 0.2050920653333686 0.6337933722859117 
0.47794847178986555 0.2820821241982624 , 0.210462517424135 0.3304859104258261 , 0.20028913164833528 0.617175121269532 
0.4943213193211351 0.2768423709163534 , 0.19854444356781106 0.3537427712234697 , 0.19583435797338966 0.5991580137537974 
0.5094781675077598 0.2721863592050752 , 0.18750141759373518 0.3780867838762816 , 0.19172053576084094 0.5794700128122636 
0.5235640860565736 0.2681004183421976 , 0.17722505519916054 0.4039615377277984 , 0.18791097960660175 0.5576811998236244 
0.5366865887168486 0.2645606601405165 , 0.1677268602718529 0.4320785703222365 , 0.18428667187363434 0.5331039254308674 
0.5489255147840363 0.26153790867005344 , 0.1593011605248214 0.4634120520748757 , 0.18047344555347816 0.5047931951486913 
0.5603398940831934 0.25899880641856105 , 0.1528816580402387 0.49760988838862097 , 0.17547856873890372 0.47313446108643836 
0.5709741103095166 0.2569043703519615 , 0.1487542731230336 0.5295053537863794 , 0.16897173742978563 0.4433334317552794 
0.5808657032135414 0.2552114014785144 , 0.14578955117043468 0.557580127042227 , 0.1620448664783598 0.41695162737287894 
0.5900493632450126 0.2538775323825971 , 0.14341458894894776 0.582761091184625 , 0.15523616866837553 0.39310453232639825 
0.5985576661181465 0.252863735738534 , 0.14140850308908243 0.6058428395083735 , 0.1487339516551069 0.37103658064671285 
0.606421145554431 0.2521349765450067 , 0.13967342607133182 0.6273385296589524 , 0.14260554923657304 0.3502696496896611 
0.6136683061960607 0.25166013568792533 , 0.1381583619199932 0.6475826771217017 , 0.13687345274628201 0.33050034308399323 
0.6203256704495496 0.2514116746820839 , 0.13683290767424203 0.6668033070938434 , 0.13154154273854435 0.31152817411769296 
0.6264178618371364 0.2513652284060065 , 0.13567692533130377 0.6851628688073683 , 0.12660533369389573 0.29321505868024544 
0.6319677128699119 0.251499201577333 , 0.13467595876985547 0.7027815514654935 , 0.12205644922256853 0.27546240285079376 
0.6369963858823937 0.2517943984604799 , 0.133818980878591 0.7197511140575168 , 0.11788475410135126 0.25819764337562356 
0.6415234982724325 0.2522336951293296 , 0.13309718713121685 0.7361434570125263 , 0.11407943545868664 0.24136600375176442 
0.6455672464371028 0.2528017547448022 , 0.13250330106054908 0.7520161554497286 , 0.11062957336468411 0.22492524569908956 
0.6491445248699069 0.2534847825975458 , 0.13203114893082618 0.7674161619211861 , 0.107524447061603 0.2088422113748884 
0.6522710384162963 0.2542703163609765 , 0.13167538502679244 0.7823823633092384 , 0.10475369741924741 0.19309047622340536 
0.6549614067151246 0.25514704680988975 , 0.13143130586405402 0.7969473955185045 , 0.1023074082831575 0.177648713565226 
0.6572292605227291 0.2561046645620155 , 0.13129471942427662 0.8111389626479396 , 0.1001761409153304 0.16249952868366505 
0.6590873300346499 0.2571337288904943 , 0.13126184988047998 0.8249808163669005 , 0.0983509409472063 0.14762861063622545 
0.6605475255686973 0.2582255551880402 , 0.13132926606780115 0.838493496687763 , 0.09682332922583775 0.13302410401781706 
0.6616210111093606 0.2593721181712784 , 0.13149382636690818 0.8516949016181817 , 0.09558528338606757 0.11867613610416002 
0.662318271276804 0.26056596836885976 , 0.13175263526395356 0.8646007317534916 , 0.09462921432157882 0.10457645577126881 
0.6626491723006429 0.26180015983162735 , 0.13210300843325426 0.8772248419113772 , 0.09394794012843916 0.0907181541506157 
0.6626230175672203 0.26306818733885856 , 0.13254244418381242 0.8895795226084057 , 0.09353465911130364 0.07709544594635606 
0.6622485982810716 0.26436393165698413 , 0.1330685997545281 0.9016757278501863 , 0.09338292282673664 0.0637034963864498 
0.6615342397444083 0.26568161164310616 , 0.13367927137048985 0.9135232613217011 , 0.09348660974743832 0.05053828292881293 
0.6604878437177324 0.26701574218202445 , 0.13437237726355675 0.9251309299733315 , 0.09383989988104739 0.03759648373826425 
0.6591169272832442 0.2683610971087068 , 0.13514594306268554 0.9365066717852087 , 0.09443725051640679 0.024875386999704596 
0.6574286585923894 0.26971267640378205 , 0.1359980891029782 0.9476576628855048 , 0.09527337316696895 0.01237281660433334 
0.6554298898407984 0.2710656770624569 , 0.13692701930620454 0.9585904080158271 , 0.09634321171533362 8.707081533619598e-05 
0.6531271877785364 0.272415467131254 , 0.13793101136191502 0.9693108174561982 , 0.09764192172188518 -0.011983128693832047 
0.6505268620312179 0.2737575624854582 , 0.1390084079953597 0.9798242728587462 , 0.09916485083575907 -0.023838679450584294 
0.647634991478146 0.2750876059858802 , 0.14015760915177924 0.9901356839343319 , 0.10090752023241147 -0.03548013402659215 
0.6444574489070856 0.27640134870875394 , 0.141377064960014 1.0002495375482758 , 0.10286560699523715 -0.04690773036340969 
0.6409999241413741 0.27769463298912306 , 0.14266526936442778 1.0101699404803526 , 0.10503492735653494 -0.05812141757585559 
0.6372679458135851 0.278963377057462 , 0.144020754334732 1.0199006568687599 , 0.10741142071401968 -0.0691208780326019 
0.6332669019406427 0.28020356108275574 , 0.14544208457976962 1.0294451411720662 , 0.10999113434192452 -0.07990554636120194 
0.6290020594378991 0.28141121446385475 , 0.1469278527046498 1.0388065673355742 , 0.11277020871978798 -0.09047462590580888 
0.6244785826940115 0.2825824042354604 , 0.1484766747615368 1.047987854730404 , 0.11574486340678868 -0.10082710307224438 
0.6197015513142617 0.28371322447627156 , 0.15008718615342312 1.0569916913383683 , 0.11891138339465214 -0.11096175992101986 
0.6146759771270759 0.28479978662520045 , 0.15175803785775868 1.0658205545784165 , 0.12226610587750242 -0.12087718530999701 
0.6094068205367301 0.28583821062760667 , 0.15348789294316884 1.074476730107277 , 0.125805407382438 -0.13057178484126383 
0.6038990062944322 0.2868246168475912 , 0.15527542335790384 1.0829623288749823 , 0.12952569121000096 -0.14004378982895363 
0.5981574387499982 0.2877551186948414 , 0.15711930697329635 1.0912793026729632 , 0.13342337513904254 -0.14929126547418475 
0.592187016637091 0.28862581592558495 , 0.15901822486949463 1.0994294583765631 , 0.13749487935575155 -0.15831211840852813 
0.5859926474363439 0.28943278858710025 , 0.16097085885418813 1.1074144710537457 , 0.14173661457180506 -0.1671041037472259 
0.5795792613525814 0.2901720915841069 , 0.16297588920802364 1.1152358960863622 , 0.1461449703017321 -0.17566483177684913 
0.5729518249346934 0.2908397498533568 , 0.16503199265297935 1.122895180428711 , 0.15071630327466437 -0.18399177438844794 
0.5661153543594787 0.2914317541399613 , 0.16713784054216113 1.1303936731095716 , 0.15544692596069737 -0.1920822713559131 
0.5590749283938907 0.2919440573754987 , 0.1692920972713334 1.137732635067871 , 0.1603330951971131 -0.19993353654974982 
0.5518357010435899 0.292372571663801 , 0.17149341891401593 1.1449132483981808 , 0.16537100090473145 -0.207542664168362 
0.5444029138895011 0.29271316588554963 , 0.17374045208317215 1.1519366250700047 , 0.17055675488966401 -0.21490663506193458 
0.5367819081082074 0.2929616639374321 , 0.17603183302338868 1.158803815173996 , 0.1758863797307412 -0.22202232321780838 
0.5289781361664834 0.2931138436256231 , 0.17836618693799627 1.165515814738636 , 0.18135579775785762 -0.2288865024706392 
0.520997173175115 0.29316543623674374 , 0.18074212755580482 1.172073573152307 , 0.18696082013141754 -0.23549585349543106 
0.5128447278823902 0.2931121268121958 , 0.1831582569420137 1.178478000217994 , 0.19269713603793337 -0.24184697113657008 
0.5045266532833289 0.29294955515383286 , 0.18561316555740856 1.184729972860918 , 0.19856030202159988 -0.24793637212113126 
0.4960489568168801 0.29267331759028575 , 0.1881054325691637 1.190830341503205 , 0.20454573147629357 -0.2537605031998713 
0.4874178101200238 0.29227896953386034 , 0.19063362641543774 1.1967799361141322 , 0.21064868432687592 -0.259315749754373 
0.4786395583050002 0.2917620288577455 , 0.19319630562448306 1.2025795719395778 , 0.21686425693285416 -0.2645984449037036 
0.46972072872382725 0.29111798012226475 , 0.195792019887204 1.2082300549099987 , 0.2231873722513062 -0.2696048791386437 
0.4606680391828882 0.290342279677065 , 0.1984193113800107 1.2137321867225666 , 0.22961277029943858 -0.2743313105060117 
0.4514884055697318 0.28943036166343783 , 0.2010767163324601 1.2190867695900267 , 0.23613499896014553 -0.2787739753598447 
0.4421889488543515 0.288377644937424 , 0.2037627668315874 1.224294610646413 , 0.24274840517639854 -0.28292909969021723 
0.4327770014281234 0.2871795409299767 , 0.20647599285206267 1.2293565259979606 , 0.2494471265821514 -0.28679291103431753 
0.4232601127452934 0.2858314624552993 , 0.20921492449841445 1.2342733444064349 , 0.2562250836186296 -0.2903616509681143 
0.4136460542343953 0.2843288334725943 , 0.21197809444261279 1.2390459105916316 , 0.26307597218532935 -0.2936315881706059 
0.4039428234502287 0.28266709979995197 , 0.2147640405373718 1.2436750881400098 , 0.269993256874737 -0.2965990320463419 
0.3941586474409727 0.2808417407720864 , 0.21757130858269697 1.2481617620072778 , 0.2769701648386679 -0.29926034688574427 
0.38430198530958937 0.278848281826235 , 0.22039845522054616 1.2525068406042401 , 0.283999680332202 -0.3016119665368551 
0.37438152995377943 0.2766823079929359 , 0.2232440509300798 1.2567112574573012 , 0.2910745399784783 -0.3036504095566171 
0.364406208974282 0.2743394782607693 , 0.22610668309392432 1.2607759724376366 , 0.29818722879413123 -0.30537229480478606 
0.35438518474712266 0.27181554077669223 , 0.2289849591042378 1.2647019725561386 , 0.3053299770109771 -0.30677435743921105 
0.34432785366136004 0.2691063488365138 , 0.23187750947621238 1.26849027232472 , 0.31249475772476515 -0.3078534652676141 
0.33424384452979794 0.2662078776135613 , 0.2347829909360265 1.272141913688336 , 0.31967328539651313 -0.30860663540827765 
0.32414301618584745 0.263116241567876 , 0.23770008945020912 1.275657965536041 , 0.32685701522628097 -0.3090310512102971 
0.31403545428506396 0.2598277124735427 , 0.24062752316391608 1.279039522803433 , 0.3340371434133575 -0.3091240793833559 
0.3039314673346752 0.25633873799816526 , 0.24356404521674876 1.2822877051828367 , 0.3412046083109136 -0.3088832872873822 
