0.12678693450003697 0.6657166611833143 , 0.6362385339154076 0.696153875282927 , 0.5565731264858305 0.23064971664395784 
0.1277117591095397 0.6560584881177265 , 0.6359878708335198 0.7109810314627809 , 0.5558989649582156 0.22548073352969175 
0.12917985380177308 0.6462544385420165 , 0.6353143790904761 0.7253858334662683 , 0.5551043620090259 0.22087998110191445 
0.13119134116482953 0.6363188251724521 , 0.634228081070848 0.7393772947761261 , 0.5541791726655975 0.2168241331616209 
0.1337461004731586 0.6262648820478036 , 0.632739013400638 0.7529612439273711 , 0.5531134810274785 0.21329412713502446 
0.13684387769350143 0.6161046886761532 , 0.6308573388739048 0.7661409963335961 , 0.5518973783338689 0.2102745681004499 
0.1404844043839391 0.6058490865937413 , 0.6285934233838663 0.7789178792945788 , 0.5505207671334698 0.2077532872218792 
0.14466752804985164 0.5955075849038749 , 0.625957888519232 0.7912916478244325 , 0.5489731783321915 0.2057210203818919 
0.1493933574718367 0.5850882507937613 , 0.6229616470479991 0.8032608182341113 , 0.5472435903814393 0.2041711840823268 
0.15466242769464983 0.5745975802224272 , 0.6196159262086938 0.8148229390777942 , 0.5453202409979315 0.20309973380997795 
0.16047589087876898 0.5640403428390994 , 0.6159322821542439 0.8259748139603431 , 0.5431904218682622 0.20250509631075683 
0.16683574123165393 0.55341939359028 , 0.6119226077944727 0.8367126870666671 , 0.5408402458751483 0.2023881724532522 
0.1737450849955234 0.5427354411988046 , 0.6075991355005795 0.8470323996400332 , 0.5382543744051721 0.20275241227136162 
0.1812084703367346 0.5319867604348866 , 0.6029744355661113 0.8569295236943948 , 0.5354156889984291 0.20360396898091795 
0.18923229752194473 0.5211688303585931 , 0.5980614108957927 0.8663994777877363 , 0.5323048864835376 0.20495194496386993 
0.19782533787047096 0.5102738737190671 , 0.5928732880698936 0.8754376285675002 , 0.5288999689609104 0.20680875082363204 
0.20699940208876358 0.49929026218744577 , 0.5874236046749431 0.8840393809270054 , 0.5251755881375683 0.20919060999574815 
0.21677021713252378 0.4882017359799436 , 0.5817261925770226 0.8922002589138098 , 0.5211021851917286 0.21211825821644592 
0.22715859982897257 0.4769863611102258 , 0.5757951566211209 0.8999159789570915 , 0.5166448384511815 0.215617913042882 
0.23819206238993762 0.46561510669293177 , 0.5696448480488215 0.9071825164943652 , 0.5117616844625158 0.2197226299229024 
0.24990706285120098 0.45404985697784234 , 0.5632898317122601 0.9139961666502232 , 0.5064017003378138 0.22447422948213386 
0.26235224713608923 0.4422405567559846 , 0.5567448458887029 0.9203535992293183 , 0.5005015018764828 0.22992609712489648 
0.27559326674968093 0.43012098325153697 , 0.5500247531067771 0.9262519079144377 , 0.4939805750448168 0.23614736194422467 
0.2897201919857022 0.41760226138973777 , 0.5431444797714224 0.9316886531928816 , 0.4867339231441502 0.24322933852757986 
0.30485936322787033 0.40456253284622007 , 0.5361189413013361 0.9366618981578761 , 0.47862029037206844 0.2512958221061031 
0.32119307540603986 0.3908298680692878 , 0.5289629475072366 0.9411702359406765 , 0.4694425719879983 0.2605201491002349 
0.33899310365284824 0.3761533370708277 , 0.5216910789838097 0.9452128071402589 , 0.4589144122646169 0.2711541088991127 
0.3586752750408239 0.36015648569393727 , 0.5143175167349705 0.9487893053204108 , 0.4466058031254804 0.28357446209585124 
0.3808495646167969 0.34229744066143303 , 0.506855787099385 0.9518999687088827 , 0.431893243185093 0.29832284373988366 
0.40598572439034214 0.322173284264362 , 0.49931833470053605 0.9545455567086327 , 0.41429453581039666 0.31580141213720464 
0.43197374672604755 0.30165576608531386 , 0.4917157584313551 0.956727299280261 , 0.3959090897438722 0.3341371877446245 
0.45535613717321044 0.2837256666771513 , 0.48405597341840356 0.9584466800857162 , 0.38018648430966084 0.3503479063473318 
0.4761075404585357 0.2683474366457053 , 0.47634461510572973 0.959704880821205 , 0.3671464393370094 0.36446793564328905 
0.49487343754982593 0.2549236084986503 , 0.4685858685162418 0.9605023303765787 , 0.3561392888352071 0.37709431423497036 
0.5121377426731216 0.24301028036452169 , 0.4607829581945147 0.9608384688051304 , 0.3466778940336385 0.3886715039405474 
0.5282220881382692 0.23231107710497043 , 0.45293842313239224 0.9607116054189544 , 0.33843808363061345 0.3994975705862746 
0.5433444148697999 0.22262334459022565 , 0.44505428631133387 0.9601188089813482 , 0.3311998937201412 0.4097780995386257 
0.5576582099687891 0.21380272652473548 , 0.43713216858102955 0.9590558024852274 , 0.32480821635145635 0.4196617241002367 
0.5712756642516861 0.2057423541169723 , 0.4291733704165712 0.9575168477866816 , 0.31914956023301766 0.4292610512065457 
0.5842814620674013 0.19836046446546543 , 0.42117893403404527 0.955494609946485 , 0.3141381987998284 0.43866517869824906 
0.5967412803676411 0.19159276092156316 , 0.413149693317578 0.9529799923415271 , 0.3097076212160559 0.44794749984710935 
0.6087072279157206 0.18538751188978006 , 0.40508631661475053 0.9499619330497958 , 0.30580505037080374 0.4571708081706237 
0.6202214510472334 0.17970229024801723 , 0.3969893463789698 0.9464271511707267 , 0.3023877974750717 0.4663908116914556 
0.6313186005031342 0.17450173266981986 , 0.38885923936467154 0.9423598286183873 , 0.29942075503346915 0.47565869182199244 
0.6420275666374063 0.1697559550130752 , 0.3806964114592843 0.9377412082126163 , 0.2968746168045842 0.48502308988450815 
0.6523727302016801 0.16543940288463765 , 0.37250129232509316 0.9325490819796663 , 0.29472457237450156 0.4945317682458957 
0.6623748835928576 0.1615299988311026 , 0.36427439708890985 0.9267571334270079 , 0.29294931421950743 0.5042331208520892 
0.6720519224524079 0.15800849662837432 , 0.3560164259083733 0.9203340824909515 , 0.2915302465404937 0.5141776739908739 
0.6814193737313154 0.15485798322867644 , 0.3477284084031247 0.9132425591021812 , 0.2904508127668347 0.524419710779342 
0.6904908050055844 0.15206348790011195 , 0.3394119206356503 0.9054375962500095 , 0.28969586926004015 0.5350191689600783 
0.6992781460051491 0.14961167035470171 , 0.3310694213714046 0.8968645781698418 , 0.2892510275247211 0.5460440045856564 
0.707791944139293 0.14749056774416236 , 0.3227047893913294 0.8874563901086637 , 0.28910186137065236 0.5575732952573739 
0.7160415695506577 0.14568938581104568 , 0.3143242107135536 0.8771293687187731 , 0.2892328146370636 0.5697014985803811 
0.7240353808452984 0.144198323121121 , 0.30593769906861484 0.8657774030279243 , 0.2896255149873616 0.5825445269611547 
0.7317808594312714 0.14300841971657466 , 0.2975618173682776 0.8532631089356244 , 0.2902559181017259 0.5962487244580008 
0.739284717837639 0.1421114230345962 , 0.28922480721942 0.8394042751192944 , 0.29108906984421573 0.6110045549563092 
0.7465529849827865 0.14149966468723335 , 0.2809768726408336 0.8239526509980232 , 0.29206873727765464 0.6270679374249434 
0.7535910683886109 0.14116594173570263 , 0.2729123451930296 0.8065611119822602 , 0.29309518131963436 0.6447931993922371 
0.760403788244389 0.14110339546324244 , 0.26522135103919614 0.7867393306435011 , 0.29397345561768967 0.6646775270034564 
0.7669953669295027 0.14130538015074334 , 0.2583170509820473 0.7638421628457558 , 0.29428617698972487 0.6873727101137008 
0.7733693290089521 0.14176532005331596 , 0.2531111593269246 0.7374205313441998 , 0.2931181065653983 0.7133344017126841 
0.7795282046371113 0.14247659974764054 , 0.25098392877665654 0.7090896426026098 , 0.2890864614875071 0.7409540107599496 
0.7854729823910778 0.1434327083092533 , 0.25170470739001866 0.6829289919428019 , 0.28242090512017853 0.7661585528581447 
0.7912029545571134 0.14462769128035213 , 0.2538302373493549 0.6601319774781084 , 0.2745654029948066 0.7877605843517395 
0.7967161962501783 0.14605629313135304 , 0.25655722661011254 0.6401356738318119 , 0.26632517204098405 0.806328286147035 
0.8020099944589382 0.1477138545454437 , 0.2595515028564994 0.6222858638326475 , 0.2580370975858373 0.8225205347321087 
0.8070810988556689 0.14959618714824113 , 0.262673069533294 0.606098673441653 , 0.249844426512312 0.8368253925203057 
0.8119258628274546 0.15169947459718142 , 0.2658616742347894 0.5912332240684197 , 0.24181105783903092 0.8495875544445988 
0.8165403240993596 0.1540201996790871 , 0.26909224201162635 0.5774454914834514 , 0.233966028790289 0.8610545619476615 
0.8209202507187081 0.1565550906801283 , 0.272356348697548 0.5645557936525253 , 0.22632199548501886 0.8714093687775464 
0.82506116581958 0.15930108133390156 , 0.27565390012756624 0.5524280546536372 , 0.2188835289541287 0.8807911171226612 
0.8289583584798794 0.1622552803013745 , 0.27898913692467253 0.5409566017680779 , 0.21165109949672295 0.8893083710407476 
0.8326068848411976 0.16541494738658374 , 0.28236861314663014 0.5300575706551529 , 0.20462309691344713 0.8970477350684632 
0.8360015619487361 0.16877747453898218 , 0.2858001347476467 0.5196631533574554 , 0.19779689820489202 0.9040796252137624 
0.8391369557769668 0.1723403702547054 , 0.2892921903565994 0.5097176414991644 , 0.19116944876770864 0.9104622413563301 
0.8420073642968431 0.1761012463613961 , 0.29285364617113296 0.5001746340245667 , 0.18473758443329877 0.9162443727242371 
0.8446067960405367 0.18005780641906716 , 0.29649358810435406 0.49099502077083246 , 0.1784982107563841 0.9214674259203003 
0.8469289443382247 0.1842078351336503 , 0.30022124892702 0.4821454960375426 , 0.17244840163603012 0.926166921939007 
0.8489671571866867 0.18854918828588513 , 0.30404598618597306 0.4735974426984886 , 0.1665854515286151 0.9303736221258262 
0.850714402530323 0.19307978274182358 , 0.3079772916685654 0.4653260809566511 , 0.16090690070238645 0.9341143894117252 
0.8521632285715486 0.1977975861419137 , 0.31202482149459226 0.4573098098737364 , 0.15541054483513406 0.9374128570945498 
0.8533057185649442 0.2027006058685507 , 0.31619844069136516 0.4495296919442663 , 0.1500944356449655 0.9402899552973829 
0.8541334393764273 0.20778687686914166 , 0.3205082789540528 0.44196904571254975 , 0.1449568765707947 0.9427643305285085 
0.8546373828942907 0.21305444786250488 , 0.3249647960689764 0.4346131214428144 , 0.1399964159380077 0.9448526838048806 
0.8548078991520585 0.21850136537769047 , 0.32957885665483116 0.427448841806025 , 0.1352118390943852 0.9465700459264844 
0.8546346197509093 0.2241256549601858 , 0.33436181472717935 0.42046459448564155 , 0.13060216042318626 0.9479300036643725 
0.8541063698363014 0.22992529872170994 , 0.339325609278977 0.4136500672028109 , 0.12616661578599644 0.948944887185679 
0.8532110664695691 0.23589820819268284 , 0.34448287270107114 0.40699611836666344 , 0.12190465573063458 0.9496259265508536 
0.8519356007148019 0.2420421911410753 , 0.34984705451918047 0.40049467867537275 , 0.11781593966729242 0.9499833832937519 
0.8502657000999934 0.24835491061893764 , 0.3554325636634751 0.39413868075159175 , 0.11390033113780633 0.9500266617396705 
0.8481857672631797 0.25483383394676046 , 0.36125493337873066 0.3879220154668218 , 0.11015789425936444 0.9497644036966177 
0.8456786894965327 0.26147616858495015 , 0.3673310140014779 0.38183951514701164 , 0.10658889140326426 0.9492045693782382 
0.8427256124684103 0.26827878078095246 , 0.37367920026849966 0.3758869655119959 , 0.1031937821643649 0.9483545068172516 
0.8393056695168503 0.27523809138494676 , 0.3803197017010744 0.3700611501664118 , 0.09997322368335015 0.9472210115588415 
0.8353956554034302 0.2823499410915469 , 0.3872748670983694 0.3643599339690274 , 0.09692807239947523 0.9458103780496258 
0.8309696300641057 0.2896094142732923 , 0.39456957750209665 0.3587823950031772 , 0.09405938733507244 0.9441284438337305 
0.8259984333721315 0.297010606027644 , 0.40223172648446026 0.35332901966961017 , 0.09136843504468302 0.9421806274129458 
0.8204490857887872 0.30454631026981266 , 0.4102928127105 0.3480019824338609 , 0.08885669640198765 0.9399719604065264 
0.8142840414009297 0.3122075963773146 , 0.4187886780522094 0.3428055422894659 , 0.08652587544813581 0.9375071144434195 
0.8074602483979999 0.3199832258802245 , 0.42776043591563556 0.3377466042085011 , 0.08437791058763934 0.9347904230214744 
0.7999279564746282 0.3278588353411052 , 0.4372556499314647 0.33283551940996675 , 0.08241498849518189 0.931825898359128 
