0.4233379129531035 0.8285054338478667 , 0.15293177137704161 0.558685893002559 , 0.37797538221747806 0.5843252322888864 
0.42506164514315103 0.8225251576697422 , 0.15995019992034534 0.5511930466935974 , 0.36923322148412685 0.5977983547759725 
0.4259983753817307 0.8146950193979077 , 0.16898817631398244 0.544501542013999 , 0.35925851485191007 0.6123199977274054 
0.4259768229436343 0.8048437900920294 , 0.18013443037306048 0.5388718175402188 , 0.3481338132309284 0.6278009515070637 
0.4247375991129635 0.7927757893866312 , 0.193439645396672 0.5346409932711164 , 0.3360678220379877 0.6440997764815645 
0.4218959122688363 0.7782971472430975 , 0.2088756150763987 0.5322171512602801 , 0.32347353920238814 0.6610022606359344 
0.41690542978208556 0.7612774042940658 , 0.22629897371827368 0.5320436787617574 , 0.3110406630472639 0.678195476083489 
0.4090556507711195 0.7417575435890942 , 0.24545532704573025 0.534539043471379 , 0.2997340887307734 0.6952199720788389 
0.397559909584408 0.7200742335783638 , 0.26604989936179485 0.5400605813195906 , 0.2906352576014203 0.7113817442413579 
0.38177287330669424 0.6968812662331878 , 0.2878538737277547 0.5489613100073099 , 0.2846183195131742 0.7256739828988147 
0.3614750303504592 0.6728847180237553 , 0.31076299588524836 0.561773671111149 , 0.2820070403119156 0.7368581700044081 
0.3371620446148136 0.6482576189048921 , 0.3346210626441075 0.5794833018194299 , 0.282461959288702 0.7437756384149904 
0.3110438561598724 0.6226902452860021 , 0.3579620905426487 0.6031134331987241 , 0.285239119845102 0.7457128806545861 
0.2876264073864806 0.5987047136683823 , 0.3768980957731805 0.6302511587705941 , 0.289720563387962 0.7425606867003358 
0.26766609468208413 0.5786015949047525 , 0.39075590571729246 0.6583195188557648 , 0.29582306614824644 0.734595445378795 
0.25033452568706394 0.5622934204739718 , 0.399986358910322 0.6869118515717755 , 0.3039241819502371 0.722311287093565 
0.23513934790913085 0.5492931220918615 , 0.4045130824109166 0.7155241354444873 , 0.31459263622757566 0.7066993016029633 
0.22188978996911735 0.539155955695083 , 0.40437480928560404 0.7428026275097835 , 0.3279804672929017 0.6895579759344457 
0.21053391748966466 0.5314803524935596 , 0.4005028197067968 0.767169049935485 , 0.34320832935116163 0.6728671567102676 
0.20104216097622507 0.5258938768516298 , 0.394309541239349 0.7879524128994754 , 0.358893364332049 0.657670269388207 
0.19335985932904715 0.5220727956198109 , 0.3868804789695304 0.8053256289776073 , 0.3740047282490455 0.644118134541894 
0.18741093333372588 0.5197570690795795 , 0.37883995283543814 0.8197329305784596 , 0.387994180378459 0.6320265594812731 
0.18311443480372264 0.518748046301977 , 0.37051527654598654 0.8316005422318876 , 0.40061535519791386 0.6211679706054476 
0.18039661518789468 0.5188977866791046 , 0.36207620141187685 0.841266477422035 , 0.4117722499478515 0.6113522950381727 
0.17919694450969256 0.5200976468756946 , 0.3536121530267139 0.8489831485476442 , 0.4214359690112166 0.6024357637159734 
0.1794704181381685 0.5222689450776357 , 0.3451712637207123 0.8549344504530404 , 0.4296033846887423 0.5943131636086362 
0.18118817526175404 0.5253560570739366 , 0.33678010270721115 0.8592515023188682 , 0.43627678857865787 0.5869089997465075 
0.18433761370100513 0.5293215264342125 , 0.32845401069960833 0.8620242231490949 , 0.4414534421470096 0.5801708095560049 
0.18892262338191743 0.5341426574912943 , 0.3202028570213668 0.8633090778960949 , 0.44511958614433883 0.574064823751923 
0.1949642721222821 0.539809118127826 , 0.312034600325525 0.8631337906653095 , 0.447246194099816 0.5685736503461768 
0.20250215009192432 0.5463211252560632 , 0.30395792632529123 0.8614996464952615 , 0.4477849901304075 0.5636957873879875 
0.21159652300061238 0.5536877330932507 , 0.2959847789768788 0.8583817346246071 , 0.4466637645701319 0.5594470914214544 
0.2223313752084148 0.5619244916304871 , 0.2881335090456094 0.8537272501655903 , 0.4437801822935989 0.5558648173432349 
0.23481819499191522 0.5710490717101109 , 0.28043355923405744 0.8474518126333984 , 0.43899331232165045 0.5530156747958028 
0.24919956507981075 0.5810718472841915 , 0.27293314521762163 0.8394337834814988 , 0.43211235625019073 0.5510109283736219 
0.2656490349685571 0.5919747048665828 , 0.2657124219402034 0.829507110377068 , 0.4228836096388626 0.5500347438956612 
0.2843553783341845 0.6036632552943421 , 0.2589061539086948 0.8174552382513317 , 0.41098353430474377 0.5503980655936382 
0.3054526691317991 0.6158641251137545 , 0.2527406425785569 0.8030141416370785 , 0.3960517548372671 0.552638292388479 
0.3287835866853202 0.627944868146183 , 0.2475829341944908 0.7859028469688368 , 0.3778785456678121 0.5576688440242922 
0.3533040046253171 0.6388156760560231 , 0.2439702140549151 0.7658995861789466 , 0.3569708478673909 0.5668012969043422 
0.37655017815390246 0.6475520113380273 , 0.2425522005614945 0.7429107523827767 , 0.3351426878322261 0.5810537954185078 
0.39589725790745506 0.6543814734450196 , 0.24399064349636776 0.7168761046342895 , 0.3143571651438003 0.6002589810600026 
0.41013173729004276 0.6601139825984954 , 0.24902369877149905 0.6875453962450685 , 0.2950896304860813 0.6238571802957479 
0.419084616536933 0.6652939147113436 , 0.2585860986390826 0.6547296487933396 , 0.27657435137160746 0.6514929956346286 
0.42299962578901895 0.6700592524280427 , 0.2722231862131877 0.6217612977457613 , 0.2590222545454164 0.6796960089655079 
0.4223127586775024 0.6742245738958049 , 0.28731768770799565 0.5932094073071298 , 0.244614620162125 0.7040825779363772 
0.41751485367129887 0.6774824180274924 , 0.30335257269553173 0.5688666084003101 , 0.23337764018079246 0.7251675327115094 
0.4091052301810863 0.6795498482833042 , 0.320246447253714 0.5481988947134826 , 0.2248933891128228 0.7437678161425252 
0.39759865013824575 0.6802335647657785 , 0.3377942899564957 0.5309488047476092 , 0.2188521264528817 0.7603341896259244 
0.3835310492908286 0.6794721881161389 , 0.3556634872849479 0.5169753550791829 , 0.21505052997184662 0.7750690159439902 
0.36744855789615555 0.6773670629117797 , 0.37345146326191964 0.5061308867181873 , 0.21334504538954788 0.788018609509345 
0.3498805404740429 0.6741907497047138 , 0.3907525198170405 0.4982013932809299 , 0.21361200625653964 0.7991244161536682 
0.33130912058675155 0.6703613516807527 , 0.4072197815821998 0.49289841197754747 , 0.2157161643786717 0.8082567954810118 
0.312151598797654 0.6663851360877714 , 0.42260523770394465 0.4898875458000828 , 0.21948823004602439 0.8152438772514579 
0.292763741122338 0.662786572906852 , 0.4367682204216822 0.48883137771487156 , 0.22471310500360284 0.8198986085175886 
0.27345881064787225 0.6600487587339298 , 0.44965769521981763 0.4894257869373194 , 0.23112856067993306 0.8220420134680629 
0.25453135991595904 0.6585767422926788 , 0.4612827451930175 0.4914197235416106 , 0.2384309614386464 0.8215200933050226 
0.23627799734356728 0.6586826490436256 , 0.4716839064269646 0.49461967584430744 , 0.246283162777091 0.8182142342513791 
0.21901294346262015 0.6605838087221748 , 0.4809113019592939 0.4988849287325973 , 0.25432082112570886 0.81204782168454 
0.2030790849930472 0.6644039955394686 , 0.4890100501702327 0.504119238378631 , 0.262155931384343 0.8029933252212126 
0.1888548158310361 0.6701700078272428 , 0.49601098159835993 0.5102621997425363 , 0.26937926911822685 0.7910843515695332 
0.17675438333078783 0.6777986925523926 , 0.5019243566253178 0.5172814651776424 , 0.27556632659151736 0.7764364014092773 
0.16721571284895714 0.6870732346971775 , 0.5067348466501225 0.525165564637879 , 0.28029450704854336 0.7592777598042557 
0.1606663222357359 0.6976142377209242 , 0.5103969714976481 0.5339161909220002 , 0.283181772814239 0.7399861304963878 
0.15745960973078985 0.7088627918480679 , 0.5128314713653753 0.5435383563919142 , 0.2839539854514577 0.7191154108993301 
0.1577887350295393 0.7201046216036489 , 0.5139247792043429 0.5540272753213703 , 0.2825315523137407 0.697384662214293 
0.1616143683974457 0.7305577984425873 , 0.5135350257144887 0.5653531657298914 , 0.2790956724356885 0.6756055949668336 
0.16865854370475789 0.7395045770312274 , 0.5115065077039022 0.5774492771253592 , 0.2740800151389628 0.6545627049827256 
0.17848208835834084 0.746401223603883 , 0.5076887626717277 0.5902105642085548 , 0.26807421551755434 0.6349047713268745 
0.19060131431780303 0.7509108315834893 , 0.5019505247044653 0.6035057728191839 , 0.26169322752535457 0.617099954736639 
0.20458323925542088 0.75286479533785 , 0.4941800205394834 0.6171971847652886 , 0.25548180675271864 0.6014545790361737 
0.22009543654319041 0.7521959581135182 , 0.4842702194960877 0.6311589127165822 , 0.24987941050834486 0.5881616883092119 
0.23692326346670373 0.7488775466825583 , 0.472092166230717 0.6452885864495914 , 0.24522963685020222 0.5773504260071626 
0.2549785895254713 0.7428793482539153 , 0.4574569833610122 0.6595124018448749 , 0.2418094936611394 0.5691248090405221 
0.2743230542256223 0.7341408941753922 , 0.44005912054862584 0.6737842975135174 , 0.23986289177337475 0.5635913674504028 
0.29522943029261495 0.7225682681868753 , 0.41938311003531875 0.6880702822012705 , 0.2396325262196892 0.5608780087511667 
0.31828151482867506 0.7081200954166595 , 0.3945752243112215 0.7022520616972591 , 0.2413883274077263 0.5611444020253938 
0.34409683289762977 0.6913552196735621 , 0.3647036735987447 0.7155835395152718 , 0.24544456005124837 0.5645777999504786 
0.3702393702923587 0.6748158400586988 , 0.33187931170118157 0.7253374867960277 , 0.2521263845540826 0.571363232284586 
0.3922411241128042 0.6597148382531184 , 0.30037039857952125 0.7301296009980501 , 0.26163354385529747 0.5816721198881439 
0.4095120278492636 0.6452881069864365 , 0.2707976760798884 0.730537485691246 , 0.2739353626184709 0.59569096646163 
0.4222912685991829 0.6311676991464744 , 0.2432797051261959 0.7268748092610069 , 0.2886740928222441 0.6134740507318311 
0.43069899204398066 0.6174989869674544 , 0.21846058297358723 0.719503544148736 , 0.30508549153005504 0.6345140280231221 
0.43485470733419695 0.604843730858899 , 0.1971368283404688 0.7093373101656356 , 0.32225353087295716 0.657335518114778 
0.43513114196360847 0.5939675421315508 , 0.1795363641309291 0.6975971610665594 , 0.33957756045308535 0.6799518559412023 
0.43218327579773663 0.5854922850770493 , 0.16529857455869554 0.6851874525442165 , 0.3567632161911908 0.7008368215180467 
0.4267380918973636 0.5797157138916196 , 0.15391519532723705 0.6725696262912999 , 0.3735917793230223 0.7192312189563931 
0.41941580287758895 0.5766708301923437 , 0.1449715317285662 0.6599387575252917 , 0.38985773194146783 0.7349069714216772 
0.41067974412241093 0.5762482072713633 , 0.13818566184681258 0.6473714507055321 , 0.40537966057839947 0.747896901162417 
0.40085522089114134 0.5782792493885461 , 0.13338612581542625 0.6349008834428435 , 0.4200037198410554 0.7583364263079229 
0.3901628819842673 0.5825742153594634 , 0.13048524054635244 0.622551571134875 , 0.4335969440170032 0.766390772644974 
0.378746691472231 0.5889321870591706 , 0.12945954914509547 0.6103575341239006 , 0.4460388259302964 0.7722268379562414 
0.36669360610163865 0.5971358461625552 , 0.130336412965124 0.5983752154040275 , 0.4572150474808602 0.7760054975727299 
0.35404739623261844 0.6069376918195628 , 0.1331832693602041 0.5866962759931756 , 0.46701440095480035 0.7778825913265741 
0.34082059646891844 0.6180412768372687 , 0.13809541218644747 0.5754623281098207 , 0.475329057892257 0.7780129541922232 
0.3270095084581948 0.6300811337281073 , 0.14517753865909003 0.5648811190290898 , 0.48205801943033805 0.7765543063821155 
0.31261764598866215 0.6426078926522325 , 0.15451441093045132 0.5552400294718527 , 0.48711300962850945 0.7736686370152274 
0.29769093984573325 0.6550894698620415 , 0.16612912973316998 0.5469078264747584 , 0.49042499696871966 0.7695192628025126 
0.2823603706599983 0.6669410065188295 , 0.1799363256404895 0.5403125768028602 , 0.4919483702471351 0.764262975817623 
0.26687547929820926 0.6775882041379635 , 0.1957099340745152 0.5358895988536271 , 0.49165965317489846 0.7580387561477221 
0.2516065095385347 0.6865484580159911 , 0.21308919985428376 0.5340118664138394 , 0.48954935715480447 0.7509562347094823 
