0.5681507023414397 0.1705887259635812 , 0.28292195768153805 0.0007036801897254419 , 0.4807484843569827 0.9564224997411572 
0.5584512628486782 0.17191129069120592 , 0.289123534144879 -0.00029726535962206185 , 0.4842463473864032 0.95610088056288 
0.5480203102421254 0.17293225460350856 , 0.2960624553038195 -0.000738717806807469 , 0.4877383788340155 0.9555213690977628 
0.5368220804987538 0.17359070835438845 , 0.3037768256065327 -0.0005582062865931868 , 0.4912222382746739 0.9546824038266686 
0.5248140942029854 0.1738101509373281 , 0.31231166348902084 0.0003224076857979545 , 0.4946953866879541 0.9535823472713377 
0.5119462685607008 0.17349280080218707 , 0.3217197915244831 0.002002578753019753 , 0.49815508429477645 0.952219526339257 
0.49816036240718686 0.1725111963515167 , 0.33206238702946034 0.004611431038009909 , 0.5015983949433132 0.9505922785049372 
0.4833906252539692 0.17069553170334556 , 0.34340831904211444 0.00832037031520989 , 0.5050222000838767 0.9486990038759083 
0.46756794384001044 0.16781430644104176 , 0.3558299738930371 0.013362377238901171 , 0.5084232266469128 0.9465382222145209 
0.4506335725797899 0.163545061755789 , 0.3693894768121144 0.02006121225787777 , 0.511798094988056 0.9441086318807971 
0.43257875959455067 0.15743378563228466 , 0.38409898910931234 0.02887195723308288 , 0.5151433956760973 0.9414091630290963 
0.41355253096613465 0.14885905553617407 , 0.39981280641442885 0.04041684348423461 , 0.5184558069993969 0.9384390068740551 
0.3941240367813083 0.1371019837318539 , 0.4159648421030955 0.05541534327352806 , 0.5217322654955565 0.9351975788890818 
0.3756916523513611 0.12185548581495756 , 0.4311593084420624 0.07417509371185536 , 0.5249701835865368 0.9316843263676509 
0.36020199995714397 0.10424375154408731 , 0.4434515201223332 0.0955728977422253 , 0.5281676243004831 0.9278982566081512 
0.3484940093101652 0.08637679480105197 , 0.4520039200323239 0.11750083902656068 , 0.5313232150374712 0.9238372720668512 
0.34005638691126755 0.06961493767970929 , 0.45732897564376657 0.1386021766189363 , 0.5344357818249261 0.9194977915958182 
0.33408339032251316 0.054411773218781406 , 0.460233746540642 0.15842834481578533 , 0.537504007516805 0.9148747878598971 
0.3299310995755368 0.040808186227378175 , 0.461363814043945 0.1769447585617313 , 0.5405262307604785 0.9099619611053543 
0.327148297108306 0.028712440268646527 , 0.4611725130718036 0.1942505739017166 , 0.5435003341998506 0.9047518917241006 
0.32542319443652956 0.01800445431612991 , 0.4599742788551911 0.21047430846196352 , 0.5464236710882395 0.8992361431163703 
0.3245361850140543 0.008569334051161271 , 0.45799195496222883 0.22574024984304072 , 0.5492930044036771 0.8934053220002618 
0.32432828199906844 0.0003063275850491501 , 0.45538841598202406 0.24015947153226258 , 0.5521044463988678 0.8872491067771521 
0.32468113405486676 -0.006870300849778271 , 0.4522866178130639 0.2538289548738349 , 0.5548533925120296 0.8807562518704072 
0.325504341046197 -0.013032809721131005 , 0.448782357382603 0.2668331424777233 , 0.5575344459511602 0.8739145731378716 
0.3267272424088768 -0.018242010664644814 , 0.44495257190583526 0.2792459991603814 , 0.5601413300652481 0.8667109173987273 
0.3282934684325261 -0.022549173027251502 , 0.44086089028049597 0.2911329612256532 , 0.5626667856669381 0.8591311176960622 
0.33015723359260885 -0.02599763966179723 , 0.4365614606875818 0.30255261063433414 , 0.5651024500997694 0.851159934921927 
0.33228075522999273 -0.02862414529197934 , 0.43210167498986096 0.3135580654864506 , 0.5674387141601064 0.8427809856999926 
0.3346324174126425 -0.030459875103224298 , 0.4275241749699147 0.32419812514828594 , 0.569664551997403 0.8339766558494022 
0.3371854402447504 -0.03153130943205508 , 0.42286838636149043 0.3345182170433725 , 0.5717673177737194 0.8247279982831464 
0.33991689999891644 -0.031860896122498795 , 0.41817174331994367 0.3445611882174895 , 0.5737325010611001 0.815014613799473 
0.34280699821613453 -0.031467584635791045 , 0.41347071563006926 0.3543679776201482 , 0.5755434305337563 0.8048145129101065 
0.34583851140355537 -0.030367248575572086 , 0.40880172073975535 0.36397819781413043 , 0.5771809122366494 0.7941039566559054 
0.34899637470746764 -0.028573016864424268 , 0.4042019854293996 0.37343064837300516 , 0.5786227842430929 0.7828572743858828 
0.3522673674006339 -0.026095528476392075 , 0.3997104136220831 0.38276377746180673 , 0.5798433633572432 0.771046656909049 
0.3556398778852531 -0.02294312120443647 , 0.3953685155438184 0.392016102474552 , 0.5808127509508887 0.7586419246243482 
0.3591037328360266 -0.019121961147631913 , 0.3912214585555824 0.40122659419799445 , 0.5814959529883512 0.7456102728441012 
0.36265008014734856 -0.01463611614318247 , 0.3873193120005777 0.4104350202840783 , 0.5818517522320339 0.731916001753568 
0.3662713191981778 -0.009487572923251765 , 0.38371857892148953 0.4196822302864997 , 0.5818312462602928 0.7175202485312159 
0.3699610750842121 -0.0036761939716435984 , 0.38048413928580066 0.42901034155896206 , 0.5813759300099474 0.7023807583071453 
0.3737142162353934 0.002800394600043542 , 0.37769177651897323 0.43846274436962135 , 0.5804151516255935 0.6864517669247989 
0.37752691750080536 0.009946999052394774 , 0.37543152680453656 0.44808376927580024 , 0.5788627000746183 0.6696841375662688 
0.38139677353616347 0.01777116166664466 , 0.37381218279580836 0.4579177180979146 , 0.5766121880479884 0.6520260261299046 
0.3853229702516612 0.026283609145656917 , 0.372967394972319 0.46800668824410163 , 0.57353077915598 0.6334246085047053 
0.389306524966964 0.03549890366287177 , 0.37306390403308654 0.47838609258617426 , 0.5694507153799097 0.6138299096454178 
0.39335060779607245 0.045436387803983826 , 0.37431234801048496 0.48907574934041387 , 0.5641581885734028 0.5932027687500662 
0.3974609545521518 0.05612156911236153 , 0.37698030155567175 0.5000624582045101 , 0.5573798882721367 0.5715308785775922 
0.40164636637997964 0.06758817907943179 , 0.3814041949206561 0.511266563598296 , 0.5487705830793245 0.548860163216736 
0.4059192401321197 0.07988128275086195 , 0.3879875731176698 0.5224806981452781 , 0.5379143311301707 0.5253529249983239 
0.4102959288644431 0.09306201491303542 , 0.3971506255708035 0.5332712487712357 , 0.5243745899447136 0.5013816422101929 
0.4147963752091258 0.10721470703355408 , 0.4091635592855241 0.5428731175207886 , 0.5078612098853102 0.4776270813401213 
0.4194417524307412 0.12245704677076129 , 0.4238376296696913 0.5502322550286279 , 0.4885417622795277 0.4550256040950747 
0.424247965161725 0.1389529932526367 , 0.44033155220896425 0.5544015277528329 , 0.46724162700927097 0.4343603848889943 
0.4292125321791563 0.156926970011028 , 0.4574802443873663 0.5550269157536999 , 0.4451283678134377 0.415761020129736 
0.43429181504084197 0.17667807803112442 , 0.47434515825359724 0.5523387604174459 , 0.42318417108552103 0.39869806744589353 
0.43936151117956285 0.19859156199364222 , 0.4904008618224535 0.5467926053263631 , 0.4020587713779439 0.38233073857445854 
0.4441466303436823 0.22313121186248797 , 0.5054223130874611 0.5388040096275222 , 0.38225220094881684 0.36577968440445374 
0.448112705168621 0.25075491145667206 , 0.5193312180955637 0.5286513529012191 , 0.36437722111577553 0.3483086415365727 
0.45039480487040723 0.28162741294925436 , 0.532083251913201 0.5164568306000751 , 0.34934308759635196 0.32963066234513444 
0.45011035875585004 0.3151408633341731 , 0.5435767691487398 0.5021894541235471 , 0.3381340164753704 0.3103845884367436 
0.44727222141111145 0.35001610775621184 , 0.5535458644369278 0.4856974855714924 , 0.331003058531921 0.2920013125667596 
0.44313975660512145 0.3852902915481423 , 0.561435486169206 0.4668497430070551 , 0.32724590160563277 0.2755748713392664 
0.4394773492315111 0.42044226579276717 , 0.56639513249644 0.4458896315845378 , 0.32594866265200917 0.26138300851715884 
0.4376417225251882 0.4546720635609789 , 0.567715119769792 0.42378048544746955 , 0.32646430208498 0.2492623568860154 
0.4379233849620557 0.48698564024081437 , 0.5654614491135436 0.40177199872241065 , 0.328436310304361 0.23895726693123878 
0.43982882723194466 0.5168833009204965 , 0.5602903362341789 0.38057461783180335 , 0.3317019809138367 0.23025698714216394 
0.4427578518925582 0.5444006010192151 , 0.5528476393831795 0.3602928890504179 , 0.3362156531042225 0.22302141582483084 
0.4462751386300284 0.5697988062425187 , 0.5435359369363758 0.34074174057494366 , 0.342010068813556 0.21717435907700142 
0.4501082067778031 0.5933723555449312 , 0.5325282866439722 0.3216472892403178 , 0.3491846509581848 0.21269526110921472 
0.45409292702490645 0.6153824932301125 , 0.5198157369078973 0.30271517399060294 , 0.3579124804471564 0.20961723867374826 
0.4581308390836967 0.6360448196753895 , 0.5052251764664296 0.28363715405851514 , 0.36846512882983384 0.20803293216055913 
0.46216289944666994 0.6555335210224492 , 0.4883994520884525 0.26407464688949234 , 0.3812587928448377 0.20810673798252224 
0.4661543083314307 0.6739889925893452 , 0.46875930346335504 0.24365239638509556 , 0.3969075325851744 0.21007351692002307 
0.47008596500422084 0.6915249202681146 , 0.44566034591871734 0.2221141336620631 , 0.41607483345702195 0.21407585196428608 
0.4739499259230541 0.7082340230830659 , 0.41999781613331416 0.2002963339865022 , 0.43787340232359184 0.21918454882489571 
0.4777468450170415 0.7241927679837902 , 0.3959939737873006 0.18055097593630323 , 0.458080325575618 0.22297116197437045 
0.48148220770877637 0.7394653268508043 , 0.37520692522673593 0.16328306251313032 , 0.47513201144444783 0.22496651653052918 
0.48516254904545647 0.7541062321345948 , 0.35719373156510403 0.14797059647558064 , 0.4894648637693996 0.22563807728428836 
0.4887938672711011 0.7681622113340077 , 0.34138687178773425 0.13416854378691004 , 0.5016404053211247 0.225384150773546 
0.49238120655654877 0.7816736045416284 , 0.32736785377718813 0.12157673536687602 , 0.5120720840462232 0.2244645659859594 
0.4959286469312923 0.7946754875529268 , 0.3148432693817964 0.10999207101130058 , 0.5210492280668714 0.2230473473302364 
0.4994394166270069 0.807198566593893 , 0.30360385841611587 0.09927200564398636 , 0.5287778693368373 0.2212443336565845 
0.502916027967271 0.8192698945569306 , 0.293496207816078 0.08931274014186177 , 0.5354089085966113 0.21913227119567155 
0.5063604038958224 0.8309134478212856 , 0.2844049173077574 0.08003631892839745 , 0.5410558231763805 0.21676513914478088 
0.5097739860123528 0.8421505939757192 , 0.2762413286743982 0.07138275160661413 , 0.5458058296932093 0.2141815603121306 
0.5131578235057981 0.8530004737998249 , 0.2689362284412007 0.06330501582917948 , 0.5497270924329616 0.2114094162654596 
0.5165126451766465 0.8634803154703834 , 0.2624349907439799 0.05576577298499069 , 0.5528735084593339 0.20846881743908996 
0.5198389173783599 0.8736056948442353 , 0.25669426116087984 0.048735142742105136 , 0.5552879658407207 0.20537406830812358 
0.5231368905625918 0.8833907525443362 , 0.25167964475298055 0.04218915756480965 , 0.5570046090643881 0.20213499578531824 
0.526406636726486 0.8928483762028725 , 0.24736407003702424 0.03610867010316382 , 0.5580504376164502 0.19875785958842776 
0.5296480796426506 0.9019903544082358 , 0.2437266233293781 0.030478573206510165 , 0.5584464414079318 0.19524597827971815 
0.5328610193777783 0.9108275075198969 , 0.2407517223234988 0.02528724391937258 , 0.5582084026786833 0.1916001544551947 
0.5360451522940374 0.9193697994511115 , 0.23842854448133 0.0205261547125947 , 0.5573474476045931 0.18781895173075802 
0.5392000874770176 0.9276264336953346 , 0.23675065638543374 0.016189615810464145 , 0.5558704005175091 0.18389885638866554 
0.5423253603369033 0.9356059362298482 , 0.2357158113184995 0.012274626563491816 , 0.5537799727245578 0.17983434310112423 
0.545420443976082 0.9433162274259405 , 0.23532589810317434 0.008780824238712957 , 0.5510748023007043 0.17561785422981088 
0.5484847587978613 0.9507646846964851 , 0.23558703736191727 0.005710527215974913 , 0.5477493482201822 0.17123969398200425 
0.551517680740133 0.9579581972944934 , 0.23650983391216657 0.003068877792870426 , 0.5437936297276613 0.1666878308071005 
0.5545185484490684 0.9649032144215621 , 0.238109807929263 0.0008640989214316374 , 0.5391927880016294 0.1619475925514706 
0.557486669657061 0.9716057875989031 , 0.24040804504964103 -0.0008921092295688317 , 0.5339264296732589 0.15700122752513007 
