0.8427255984392129 0.9224714563115942 , 0.920091653598441 0.6718403040955574 , 0.1897660006323052 0.8659572476100279 
0.8256982187777716 0.9120534540099756 , 0.931175909196405 0.6740812584597089 , 0.1957091246957825 0.8741342955474951 
0.8089158613038742 0.900523372769858 , 0.9416117901100768 0.6774637979785216 , 0.2020556012560082 0.8822818372687999 
0.7924896777974958 0.8879488539537892 , 0.9512714352977911 0.6819271369152594 , 0.2088221395746722 0.8903930171481311 
0.776516151421813 0.8744234934081629 , 0.960039460739079 0.6873868285769102 , 0.21602764050906706 0.8984586860321064 
0.7610715528999109 0.8600633739652295 , 0.967818766630708 0.6937387785902048 , 0.22369293313934016 0.9064668554617453 
0.7462081814465736 0.8450018976807796 , 0.9745347372240313 0.7008649585241398 , 0.2318403339993541 0.9144021518122601 
0.731952948710275 0.8293836379900107 , 0.980137295946118 0.7086400478137371 , 0.24049300801356602 0.9222453222134318 
0.7183084293450626 0.8133580550780071 , 0.9846006927890729 0.7169380941058071 , 0.24967413053582357 0.9299728588333656 
0.7052560627203359 0.7970738193926529 , 0.9879213109149397 0.7256383729415933 , 0.2594058790346834 0.9375568156829336 
0.6927608707812783 0.7806742292710491 , 0.9901140643628711 0.7346298913917749 , 0.26970831752580954 0.9449648873543557 
0.680776919247488 0.7642938995441335 , 0.9912080632402327 0.7438143099638742 , 0.2805982701822384 0.952160798509172 
0.6692527843120069 0.7480566413172857 , 0.991242164422951 0.753107350012368 , 0.2920883039350011 0.9591050166875261 
0.6581364405103448 0.7320743043399041 , 0.9902608671072834 0.7624389492765961 , 0.3041859450523307 0.9657557544006796 
0.6473791922700539 0.7164463143736536 , 0.9883108232373083 0.7717525143336975 , 0.31689323716259665 0.9720701793098288 
0.6369384788939789 0.7012596751627569 , 0.9854380639974981 0.7810036176622931 , 0.3302067097784819 0.9780057151921299 
0.6267795571381298 0.6865892740689559 , 0.981685920068152 0.7901584332946846 , 0.344117775463677 0.9835213006535394 
0.6168761912604243 0.6724983968999423 , 0.9770935386449519 0.7991921304874464 , 0.35861352276458264 0.9885784806297911 
0.6072105540530329 0.6590394024646491 , 0.9716948655241533 0.8080873715053148 , 0.37367783309277247 0.9931422340472158 
0.5977725689435688 0.6462545280768356 , 0.9655179527733458 0.816832999273281 , 0.38929273095304406 0.9971814806670631 
0.5885589130951253 0.6341768002760915 , 0.9585844591250285 0.8254229573993426 , 0.4054398804498048 1.0006692503417456 
0.5795718673804203 0.6228310199710303 , 0.950909221247967 0.8338554585106579 , 0.42210216404157125 1.0035825295354914 
0.5708181537471568 0.6122347858053792 , 0.9424997820473244 0.8421324047572349 , 0.43926531687547726 1.0059018174545655 
0.5623078540487669 0.6023995179921464 , 0.9333557612770585 0.850259064533733 , 0.456919637344133 1.0076104254913003 
0.5540534636300551 0.5933314480446348 , 0.92346793814155 0.8582440210922381 , 0.4750618508983533 1.0086935388803069 
0.5460691010936518 0.5850325466092229 , 0.91281687701683 0.8660994334245808 , 0.49369727455947654 1.009137027983376 
0.5383698732535683 0.5775013700933691 , 0.9013708517669631 0.8738416935628531 , 0.512842527649427 1.0089259443609575 
0.5309713800987067 0.5707338152499047 , 0.8890826845533089 0.8814926413065453 , 0.5325291880179428 1.0080425514607299 
0.5238893366047144 0.5647237781242775 , 0.8758848585791789 0.8890816378985175 , 0.552809057486065 1.0064635919943847 
0.5171392841782121 0.5594637191411896 , 0.8616817832549682 0.8966490718085415 , 0.573762185236778 1.0041562170674485 
0.5107363621254266 0.5549451392895032 , 0.8463371627263626 0.9042524278741944 , 0.595509727818169 1.0010714408534822 
0.5046951063670306 0.551158973025787 , 0.8296526009315738 0.9119772702894893 , 0.6182355453713537 0.9971327647019035 
0.4990292352674333 0.5480959006243271 , 0.8113301872041836 0.9199582924434146 , 0.6422238301983412 0.992214814949438 
0.49375136432310474 0.5457465727708137 , 0.7909078596480054 0.9284219612936977 , 0.6679240286988479 0.9861004739526683 
0.4888725466249759 0.5441017114601099 , 0.7676774950065742 0.9377714178341935 , 0.6960332110384078 0.9783958787228764 
0.4844014252565569 0.5431519623500856 , 0.7409188683080202 0.9486600552438968 , 0.7272629591053807 0.9684569904231973 
0.4803425976913639 0.5428871100349792 , 0.7126872580980954 0.9610238795036555 , 0.7595533968804985 0.956358018478545 
0.47669477632226864 0.5432943610925036 , 0.6877267197623773 0.9726839593936295 , 0.7881617565853117 0.9442906875310466 
0.47345240701084773 0.5443586527020456 , 0.6659110832619751 0.9830361719504559 , 0.8132197623971349 0.9328741833646783 
0.4706080960456417 0.5460646500378258 , 0.6462586868839586 0.992221506660964 , 0.8357164697403574 0.9219828513183901 
0.4681537150199908 0.5483978974558978 , 0.6281101491598264 1.0004142112309666 , 0.8563193884901404 0.9114568993303154 
0.46608085415398787 0.5513453427416993 , 0.6110578873615388 1.0077418414478967 , 0.8754445111544311 0.9011818238275839 
0.46438100312285563 0.554895568102128 , 0.5948408652528641 1.014293082296967 , 0.8933613842942382 0.891080357618085 
0.4630456018993142 0.5590388854449058 , 0.5792840829414756 1.020129959229434 , 0.9102535678291681 0.8811001633428402 
0.46206601950636284 0.5637673695408807 , 0.5642655392446441 1.0252963001125048 , 0.926251693918951 0.8712053383637944 
0.4614334862610722 0.5690748658785454 , 0.5496975731911407 1.0298231053606437 , 0.941452193217745 0.861371036777991 
0.4611389909101996 0.5749569928549346 , 0.5355158369329779 1.0337319536795755 , 0.9559284248267803 0.85158006148267 
0.46117314687564237 0.5814111493952373 , 0.5216725015504134 1.0370371996906713 , 0.9697376042439019 0.8418206589312713 
0.46152602758500916 0.5884365346113005 , 0.5081319270332896 1.039747417045206 , 0.982925298051659 0.8320850563606734 
0.46218696788075586 0.5960341836581651 , 0.4948678360818385 1.0418663563235575 , 0.9955284487073633 0.8223684680354572 
0.46314432598371236 0.6042070225241088 , 0.4818614491111759 1.04339358027678 , 1.0075774775750694 0.8126684052162909 
0.4643851979882416 0.6129599435386357 , 0.4691002638105262 1.0443248770874443 , 1.0190977908711898 0.8029841873910997 
0.46589507408185693 0.622299902538974 , 0.4565772906843686 1.0446525159928288 , 1.0301108879037322 0.7933165894853766 
0.467657422352873 0.6322360375875312 , 0.4442906322684523 1.0443653881657031 , 1.0406351980486324 0.7836675822639453 
0.469653181915303 0.642779807531469 , 0.4322433417866422 1.0434490634360778 , 1.0506867289680124 0.7740401370496328 
0.4718601418555502 0.6539451460673025 , 0.42044352956016096 1.0418857872928482 , 1.0602795812542465 0.764438074657029 
0.4742521758764841 0.6657486226094257 , 0.4089047096202604 1.039654441348715 , 1.0694263671732132 0.7548659440590391 
0.4767982941652482 0.6782095940583385 , 0.3976463988987756 1.036730494010273 , 1.0781385596059339 0.7453289199485682 
0.479461463712972 0.6913503197806024 , 0.3866949995851568 1.0330859774878813 , 1.086426789371829 0.735832710748696 
0.482197136147554 0.7051959929971544 , 0.3760850130459407 1.0286895447972366 , 1.094301103476463 0.7263834702227887 
0.4849514089907353 0.7197746110196953 , 0.36586065108244925 1.0235066900434862 , 1.101771192596773 0.7169877069539982 
0.4876587348675225 0.7351165577558954 , 0.35607792506131347 1.017500263427336 , 1.1088465927411215 0.7076521868339484 
0.49023909035809227 0.7512536948414095 , 0.34680729917531317 1.010631488658725 , 1.115536863136552 0.6983838245170451 
0.49259453694564564 0.7682176392888929 , 0.33813697595666614 1.0028618079856901 , 1.1218517397676457 0.6891895607425966 
0.49460518207718135 0.7860367304738503 , 0.33017680910565755 0.9941560538518976 , 1.1278012614871187 0.6800762236914317 
0.4961247391972894 0.8047309491903596 , 0.3230626502718675 0.9844876844930244 , 1.1333958632008008 0.6710503743337957 
0.49697629890870454 0.8243037714360169 , 0.3169605253813683 0.9738470983159558 , 1.1386464283798847 0.662118138265207 
0.4969497209473405 0.8447297444764903 , 0.31206924039507306 0.9622542335032587 , 1.1435642913275441 0.6532850300374309 
0.49580339976538307 0.8659368205890238 , 0.308618674136902 0.9497764068098228 , 1.1481611787676727 0.6445557806183332 
0.4932749493935718 0.8877839401851527 , 0.3068592218426873 0.9365508835940822 , 1.1524490814336985 0.6359341842379449 
0.4891065822324379 0.9100381317936006 , 0.30703661939449595 0.9228078895263317 , 1.1564400510430237 0.6274229866972475 
0.4830888073471745 0.9323618086221922 , 0.3093485169169594 0.9088833583451583 , 1.1601459284058235 0.6190238410498293 
0.47511669591340816 0.9543264617278463 , 0.3138885312207651 0.8952051919892139 , 1.1635780255357842 0.6107373543001198 
0.46523743697951486 0.9754641776667146 , 0.32059901037109617 0.8822415948153673 , 1.1667468053193464 0.602563235535098 
0.45366011889332186 0.9953467585495519 , 0.3292615178304555 0.8704217183828208 , 1.1696616159461801 0.5945005310848073 
0.4407155585716803 1.013658058407501 , 0.3395371639524518 0.8600630439728619 , 1.1723305301458253 0.586547905636817 
0.4267861701560577 1.0302266031314204 , 0.35103677355158014 0.8513384883503416 , 1.1747603089623195 0.5787039165354178 
0.4122405432081891 1.0450137213517232 , 0.3633862361072834 0.8442880470105266 , 1.1769564733544848 0.5709672396549299 
0.3973939173512306 1.058076724890862 , 0.37626588986364456 0.8388554538768737 , 1.178923445455082 0.5633368292494441 
0.38249503730788237 1.0695291162957001 , 0.3894234949033668 0.8349278766846758 , 1.180664720458708 0.5558120150368038 
0.36772968107854026 1.0795095573052507 , 0.40267053054636537 0.8323669006997018 , 1.1821830410450516 0.5483925500122274 
0.353231267530221 1.0881618584079504 , 0.41587142638092206 0.8310285256622223 , 1.1834805587588142 0.5410786239470071 
0.33909267038909685 1.0956238380010046 , 0.4289316063347878 0.8307743151904444 , 1.1845589759460726 0.5338708548257307 
0.3253766250942535 1.1020220559638831 , 0.44178696044472593 0.8314766851525774 , 1.1854196671309778 0.5267702669007192 
0.31212399316866685 1.107470000782916 , 0.4543954782991822 0.833020746209431 , 1.1860637812021082 0.5197782610248327 
0.29935998442784073 1.1120681214103498 , 0.46673094158982253 0.8353043058236876 , 1.186492326652294 0.5128965807831422 
0.28709871001831544 1.115904741397657 , 0.478778300452389 0.838236990058402 , 1.186706242199253 0.5061272765611207 
0.27534646482699243 1.1190573191466946 , 0.4905303329691258 0.8417390200245212 , 1.186706454873839 0.4994726688459639 
0.26410407720174184 1.1215937740601603 , 0.5019852481355171 0.8457399223879595 , 1.1864939273326984 0.49293531156906 
0.2533685867399261 1.1235737434056816 , 0.5131449700930226 0.8501773085863988 , 1.1860696958370087 0.4865179560250994 
0.2431344422741385 1.1250497133416852 , 0.5240139103189172 0.8549957789186725 , 1.1854349000769018 0.48022351575682204 
0.23339435831590075 1.1260680083130856 , 0.5345980885348811 0.8601459669867482 , 1.1845908058191756 0.4740550327173459 
0.22413992831035087 1.1266696428899365 , 0.5449045031516307 0.8655837201472707 , 1.1835388212079758 0.4680156449799724 
0.21536206434401278 1.126891048790854 , 0.5549406808822133 0.8712694029882685 , 1.1822805074437315 0.46210855623805713 
0.20705131259426096 1.1267646927010218 , 0.564714355582002 0.8771673080025415 , 1.1808175844936946 0.4563370073136164 
0.1991980794741861 1.126319600503319 , 0.5742332407577697 0.8832451576468191 , 1.1791519324380018 0.4507042498670417 
0.19179279334725535 1.1255818022613606 , 0.5835048703027389 0.8894736832865109 , 1.1772855890199634 0.44521352246930823 
0.1848260195898575 1.124574710541733 , 0.5925364891382793 0.8958262683132537 , 1.1752207439418207 0.439868029162193 
0.1782885417681976 1.1233194428467397 , 0.6013349804790646 0.9022786445781346 , 1.1729597304226953 0.43467092059230533 
0.17217141814190054 1.1218350972370066 , 0.6099068200174763 0.908808633017328 , 1.1705050145105806 0.42962527776284504 
0.16646602017426773 1.1201389887293003 , 0.618258049882714 0.9153959208830319 , 1.1678591826129758 0.4247340984048474 
