0.15871681501650925 0.19160049939037826 , 0.8709611076745525 0.37670758905020874 , 0.06702334717268632 0.6262604176598842 
0.15511498397091428 0.19174504772465073 , 0.8598948654324634 0.38207728200573005 , 0.08169142046037044 0.6207461763700903 
0.15160687952208357 0.19241885635476236 , 0.8485113671826885 0.38744267036432634 , 0.0965830231589761 0.6147069793813824 
0.14821177807214073 0.19364716983589847 , 0.8367976960521275 0.3928038105681755 , 0.11169179573947992 0.6081175256963971 
0.14495170407505298 0.19545693839596573 , 0.8247391395687664 0.3981608947313282 , 0.1270104262199287 0.6009506729731772 
0.1418519722426586 0.197876940184111 , 0.8123188426362892 0.40351423984581375 , 0.1425304549848003 0.5931773260705464 
0.13894185136560613 0.2009378785245224 , 0.7995173731410978 0.40886426442677276 , 0.1582420453570441 0.584766363149176 
0.13625537768891735 0.20467243102786745 , 0.7863121725372555 0.4142114444687703 , 0.17413371963757523 0.5756846306038333 
0.13383235030032772 0.20911521446534484 , 0.7726768534585937 0.41955623538262304 , 0.1901920661048267 0.5658970562525032 
0.13171954396564586 0.21430260996509762 , 0.7585802918440921 0.42489893782400157 , 0.2064014340540101 0.5553669583113718 
0.12997217344588477 0.220272364735462 , 0.7439854404429037 0.4302394703581012 , 0.22274365597495963 0.5440566710069079 
0.12865563206240113 0.22706284621784084 , 0.7288477615504794 0.43557698591669053 , 0.23919787625086758 0.5319286739659397 
0.12784749609604437 0.23471177022691198 , 0.713113136806311 0.44090922314375225 , 0.25574063696139265 0.5189475127298069 
0.12763971836749652 0.2432541582452161 , 0.6967150593158924 0.4462314015378859 , 0.27234649218035917 0.5050829463173692 
0.12814080262057811 0.25271921433512246 , 0.6795708522692342 0.45153432007805905 , 0.2889896149739358 0.49031497168728966 
0.12947752169794843 0.26312579001333675 , 0.6615766115633167 0.45680104609075184 , 0.305647136602483 0.4746416699963825 
0.13179539452257336 0.2744762192940881 , 0.6426006169386136 0.46200108425711306 , 0.32230525840256125 0.45809120254926994 
0.13525671479326445 0.2867487273544835 , 0.6224753317920446 0.4670800386493237 , 0.33896922327843915 0.44073974009666395 
0.14003466364330525 0.29988957160017715 , 0.6009894513827309 0.4719413733522187 , 0.35567715483771206 0.42273756114807526 
0.14630252683127637 0.31380765352917955 , 0.5778852933896877 0.4764152307928761 , 0.3725134496427841 0.40434562177841543 
0.15421917862377676 0.32837600505415127 , 0.5528759901535105 0.4802099154940298 , 0.3896061010864609 0.38598258555229004 
0.16391624611212618 0.343444597192307 , 0.5257125007196981 0.4828543772339967 , 0.4070725230319238 0.36826953167416737 
0.17549710118139705 0.3588651303601169 , 0.49633225225063143 0.48368498812284155 , 0.4248719164317196 0.35201838761751264 
0.18905884225423766 0.3745213235904119 , 0.46503271980980276 0.48199146737297727 , 0.44260970779970765 0.3380557151370819 
0.20474348112686735 0.39035400993929587 , 0.4324231624860183 0.477336851387045 , 0.4595346262508624 0.32687764477413017 
0.22282195769582758 0.40637626613587047 , 0.3990130751541493 0.4697386199202786 , 0.4748662370137712 0.31845362004432193 
0.2438307312176687 0.42268141369649265 , 0.3647594666626236 0.45948620096233694 , 0.4881110719834557 0.3124008914416414 
0.26877108005606004 0.4393944794075074 , 0.32883418143722676 0.44690431516520385 , 0.4990960083704612 0.3082697115277597 
0.298485176187023 0.4560008641857033 , 0.29036079788772845 0.4328650819947381 , 0.5078552957889965 0.3057025599200296 
0.32844592729522276 0.4697763081769568 , 0.2537237828772871 0.42030692229764344 , 0.5145315596912381 0.30448527562587074 
0.35628463155106455 0.4806520364053894 , 0.22111633291284927 0.40937310027566465 , 0.5193003053998341 0.30454336941941695 
0.38283180364850344 0.4893552285647984 , 0.1915465533559885 0.39932185173537654 , 0.5223229128592559 0.30589142580029605 
0.4087633000074528 0.4961975872786099 , 0.16419324047231051 0.38977075534785427 , 0.5237447293839845 0.3086001634740068 
0.43445109810603383 0.5012506976520175 , 0.13854346498728976 0.3805344132085603 , 0.5237067067704243 0.3127833952398932 
0.46007240497031227 0.504458726310779 , 0.11426733364713394 0.37151654863090605 , 0.5223615312463017 0.3185932311587859 
0.4856662605442357 0.5056873466224044 , 0.09114049487731593 0.3626642671195882 , 0.5198945144421963 0.32621689235847834 
0.5111475365633417 0.5047515460068951 , 0.06900236508336599 0.3539478518710891 , 0.5165513682170402 0.3358691082224868 
0.5362947028326392 0.5014462325807109 , 0.04773272623080059 0.3453510402680013 , 0.5126738408003081 0.34777123325175885 
0.5607255694235767 0.4955989795023412 , 0.027237732135535056 0.33686587578527427 , 0.5087379683046362 0.3621036508128555 
0.5838865905849097 0.487160674537135 , 0.00744097925250644 0.3284896165776208 , 0.5053737000263319 0.37891821498571515 
0.6051023344902593 0.4763260359014187 , -0.011722443251333224 0.32022252166579784 , 0.5033213786248218 0.39801994853325445 
0.6237266695715536 0.46361686020797654 , -0.030309837457996116 0.31206598905789373 , 0.5032844377501904 0.4188856568346007 
0.6393510421943469 0.4498227355943295 , -0.04837306975018657 0.30402098137784606 , 0.5057232974195877 0.44072478912829544 
0.651921946248054 0.43579307339187573 , -0.06595935869195041 0.29608697588533134 , 0.5107386823076444 0.4626884568232639 
0.6616840424754082 0.422229750814244 , -0.08311126850942882 0.2882616296699456 , 0.5181284958977687 0.48407712561628136 
0.6690319442468178 0.40960425832171793 , -0.09986656115648648 0.2805410385169457 , 0.5275358867734168 0.5044232092618074 
0.6743851968631847 0.3981827482372108 , -0.1162582721351205 0.2729202679448244 , 0.5385743451356839 0.5234654899184359 
0.678123386602287 0.3880883243487477 , -0.13231505031781626 0.26539388639888123 , 0.5508929335792774 0.5410862953528421 
0.680565721254163 0.37935732103799996 , -0.14806165530523596 0.2579563764931009 , 0.564197203914821 0.5572548085693703 
0.6819724039636058 0.37197819461689874 , -0.16351950026826675 0.2506024056722098 , 0.5782483661684089 0.5719879058113626 
0.6825536475087313 0.3659153409466716 , -0.17870716925176397 0.2433269822252898 , 0.5928547916067807 0.5853261829285098 
0.6824798463318509 0.36112277364618356 , -0.19364087611073752 0.23612553101460454 , 0.6078622996426346 0.5973202014396831 
0.681890569651217 0.35755165239570547 , -0.20833485606332344 0.22899391783104864 , 0.6231455562758544 0.6080229358737171 
0.6809018390725153 0.35515425907317155 , -0.2228016928198117 0.2219284430604279 , 0.6386011236110443 0.6174858039668718 
0.6796118111270575 0.35388597451097353 , -0.23705258906844712 0.2149258182841058 , 0.6541420478051375 0.6257567133053918 
0.6781051643104186 0.35370614940311457 , -0.25109758923360304 0.207983134335735 , 0.6696936947869324 0.6328792223616215 
0.6764564937904787 0.3545783744435036 , -0.264945762898657 0.20109782593479356 , 0.6851905389719263 0.6388923057221739 
0.6747329684003537 0.35647043221215813 , -0.27860535615607124 0.1942676358508912 , 0.7005736576194654 0.6438304380374217 
0.6729964495613111 0.359354086932391 , -0.2920839169070848 0.18749058021321308 , 0.7157887372095215 0.647723838954867 
0.6713052248924651 0.36320479627231367 , -0.30538839899168363 0.18076491577151615 , 0.7307844439629664 0.6505987940566412 
0.6697154733099774 0.3680013878689439 , -0.3185252490556173 0.17408910944059636 , 0.7455110456093879 0.6524780087909308 
0.6682825524210603 0.3737257185642139 , -0.33150047926218207 0.16746181019141476 , 0.7599191967048697 0.6533809773448424 
0.6670621811109767 0.3803623186058875 , -0.3443197283144258 0.1608818232086522 , 0.773958817067197 0.6533243642859313 
0.6661115786460274 0.3878980115793408 , -0.3569883127430927 0.15434808616630707 , 0.7875780039608131 0.6523224083548231 
0.6654906149691612 0.39632149050956655 , -0.36951127001193085 0.14785964744921412 , 0.8007219249065175 0.6503873681416903 
0.665263024060934 0.4056228189963198 , -0.38189339467282524 0.14141564615018343 , 0.8133316404756391 0.6475300409539678 
0.665497732334521 0.4157928110370548 , -0.3941392685501139 0.1350152936884595 , 0.8253428060793406 0.6437604013749567 
0.6662703559261713 0.4268222214360132 , -0.40625328573130476 0.1286578569187011 , 0.8366841996688811 0.6390884277457567 
0.6676649226238461 0.43870064632865274 , -0.41823967297792863 0.1223426426270375 , 0.8472760202178301 0.6335252171447807 
0.6697758724938316 0.4514149843893399 , -0.4301025060353194 0.11606898334042555 , 0.8570279034052354 0.6270845383707055 
0.6727103786616546 0.46494723490618245 , -0.44184572220516916 0.109836224407646 , 0.8658366134072621 0.6197850467866426 
0.6765909909188089 0.4792712965533361 , -0.4534731294424223 0.10364371234661619 , 0.873583408387361 0.6116534972005188 
0.6815585086349153 0.49434826439877194 , -0.4649884121421601 0.0974907844970404 , 0.8801311733709924 0.6027294572046588 
0.6877747734363794 0.5101194880629427 , -0.4763951336878642 0.09137676007629307 , 0.8853216301152325 0.5930722579612353 
0.6954246163704725 0.526496358088338 , -0.48769673573853256 0.08530093282020604 , 0.8889733892318078 0.5827712151919271 
0.704715285747574 0.543345520266245 , -0.4988965341456016 0.07926256551436696 , 0.8908825182617753 0.571960420319859 
0.7158700041321245 0.5604683119883982 , -0.5099977113382403 0.07326088690502 , 0.8908289770698635 0.5608393072070529 
0.7291096107936491 0.5775745937567112 , -0.52100330506696 0.06729509173715081 , 0.8885949641370585 0.549698820606609 
0.7446132087006783 0.5942557994582642 , -0.5319161937021579 0.061364344982869364 , 0.8840042548652273 0.5389483616593373 
0.7624492727156871 0.6099725696771015 , -0.5427390791151366 0.055467791567019496 , 0.8769910762631972 0.5291281448563501 
0.7824827724481036 0.6240870103905586 , -0.553474469834308 0.049604572691659354 , 0.867692967249952 0.5208769230182531 
0.8043003111018506 0.6359697572163534 , -0.5641246695585136 0.04377384852253777 , 0.8565256283204106 0.5148249003615799 
0.8272281002750701 0.6451642483207256 , -0.5746917777352675 0.037974824081670765 , 0.844164947323945 0.5114294336980747 
0.8504750126075405 0.6515135480046887 , -0.5851777068636156 0.03220677196469231 , 0.8314039641198226 0.51084818613109 
0.8733203152987131 0.6551598750373357 , -0.5955842145954006 0.02646904525250828 , 0.8189651691604349 0.5129395858106269 
0.8952305174932789 0.6564378599677418 , -0.6059129423113303 0.020761078101108638 , 0.8073836946817989 0.5173695680316205 
0.9158748056232024 0.655751760751437 , -0.616165451019873 0.015082376540360425 , 0.796991915260418 0.5237343688086735 
0.9350827505475467 0.6534936634128581 , -0.6263432492771264 0.009432504198762258 , 0.7879617685933271 0.5316423384888506 
0.95279087807356 0.6500067605775919 , -0.6364478120490341 0.0038110669938465755 , 0.7803582038392215 0.5407506785290325 
0.968999567018356 0.6455768981975863 , -0.6464805918056677 -0.0017823008123284204 , 0.7741822946510591 0.5507739087152129 
0.9837439704249347 0.6404370972674129 , -0.6564430238423802 -0.007347948161785169 , 0.7694003232811929 0.5614793569948432 
0.997076124396015 0.6347762751893485 , -0.6663365276888756 -0.012886216144623971 , 0.765961673156608 0.5726784470557464 
1.0090545404931446 0.6287482067319821 , -0.6761625060677768 -0.018397444531882138 , 0.7638092354383796 0.5842177439003711 
1.0197384142943637 0.6224793088694145 , -0.6859223424579709 -0.023881976246888155 , 0.7628851980273547 0.5959711734779446 
1.0291845636720327 0.616074958205983 , -0.6956173979870662 -0.02934016015601261 , 0.7631341041787811 0.6078337080505005 
1.0374459410541492 0.6096244713332732 , -0.705249008130938 -0.03477235253458424 , 0.7645043369405364 0.6197163873017819 
1.0445710358058 0.6032049951464038 , -0.7148184795229067 -0.04017891751719232 , 0.7669487135808544 0.6315424284712594 
1.0506037696614288 0.5968845536141706 , -0.7243270870533638 -0.04556022679033815 , 0.7704245872556827 0.6432441792766385 
1.0555836578502344 0.5907244602401905 , -0.7337760713578347 -0.05091665873684326 , 0.774893683371348 0.6547607045971235 
1.0595461080405237 0.5847812630148926 , -0.7431666367362689 -0.056248597198458296 , 0.7803217985594929 0.6660358402840365 
1.0625227876616097 0.5791083517864652 , -0.7524999495105783 -0.061556429986497165 , 0.7866784317127162 0.6770165843005028 
