0.7078047797614566 0.16407449757423442 , 0.5699698301303493 0.02291014168314731 , 0.07913762577791905 0.7162128241307714 
0.7002647603720188 0.15611325577459345 , 0.5787543086598946 0.0158482666593366 , 0.07789316663781157 0.7312359409542231 
0.6913274888069064 0.14674730580260292 , 0.5887621180332062 0.010389003642214744 , 0.07682262882961227 0.7460611539433354 
0.680969084988777 0.1357114503076565 , 0.6000260419324587 0.0067928139855642205 , 0.0759171087484892 0.7606931990949324 
0.6691807951644887 0.12263484990610163 , 0.6125632027122121 0.005426152480241843 , 0.075168237793024 0.7751364610018097 
0.6560275014354566 0.10700121091139822 , 0.6263166766083552 0.0068011830880144826 , 0.07456805762591306 0.7893950693887404 
0.6418132825761701 0.08814968671763378 , 0.640990035060243 0.01157475868047381 , 0.07410891803331178 0.8034730179900454 
0.627484644328619 0.06555819422679897 , 0.6556441799458361 0.020264955071351516 , 0.0737834113952699 0.8173743140900025 
0.6150235685834349 0.03994605837318231 , 0.6683042794691195 0.03214825655045443 , 0.07358438761717066 0.8311031484645163 
0.6061387009633462 0.01389002897209948 , 0.6772684190019581 0.044643449887615254 , 0.07350511570442075 0.8446639845284383 
0.6007121013350539 -0.010562070707433209 , 0.6826606321041194 0.05569812618855851 , 0.07353950223055167 0.8580614079070277 
0.5979085634716945 -0.03277160627380217 , 0.6853215378240758 0.0646691928915764 , 0.07368213437395468 0.8712998767703788 
0.5970152452900804 -0.05272314949752296 , 0.6859688098068435 0.07153703400519332 , 0.07392818057280105 0.8843835788804827 
0.597540497263482 -0.07055989162783628 , 0.6850984720391343 0.07644096482626501 , 0.07427326636710868 0.8973163901897243 
0.59915183753955 -0.08643628299618623 , 0.6830470295057772 0.07953186217110668 , 0.07471336862439779 0.9101018842132326 
0.6016180752943654 -0.10048068252068536 , 0.6800494265722602 0.08093478371271388 , 0.07524473380309944 0.9227433621961245 
0.6047718538842216 -0.11278934448384213 , 0.6762765650879278 0.08074291770196447 , 0.07586381669757566 0.9352438901700307 
0.608486568281399 -0.1234281838374883 , 0.6718584322314621 0.07901931047669537 , 0.0765672351568639 0.947606336748946 
0.6126617952961206 -0.13243556196726938 , 0.6668987033079039 0.07579961635514376 , 0.07735173706570048 0.9598334090002787 
0.6172135459677939 -0.1398242039504792 , 0.6614845128899277 0.07109398204588056 , 0.0782141768120034 0.9719276852927516 
0.6220671113212077 -0.14558172418350124 , 0.6556936251279302 0.06488754284490582 , 0.07915149922058703 0.9838916447267484 
0.627151036024483 -0.14966954776918315 , 0.6496004701487356 0.05713931809895744 , 0.08016072949650646 0.9957276930583787 
0.6323910322471705 -0.15201998956343396 , 0.6432822352803066 0.047779267810531253 , 0.08123896814224786 1.0074381851410557 
0.6377025166239062 -0.15253112281596376 , 0.6368263289012575 0.036703142288283204 , 0.08238339014456132 1.0190254439158335 
0.6429798093031661 -0.1510589891482656 , 0.6303411783472674 0.023764676624975223 , 0.08359124801929142 1.0304917759114434 
0.6480784875422204 -0.14740707531937403 , 0.6239738695185575 0.008765055659096768 , 0.08485987860894709 1.0418394830484303 
0.6527840700428275 -0.14131535221751138 , 0.617941451712086 -0.00855805459269528 , 0.08618671391481159 1.0530708701983598 
0.656753874405528 -0.13246155948807536 , 0.612589064460963 -0.0285292243444118 , 0.08756929680323411 1.0641882472206403 
0.6594125570605132 -0.12052841035776042 , 0.6084943753858922 -0.051468048841950484 , 0.08900530322331963 1.075193922587864 
0.6598211812732868 -0.10552550718364337 , 0.6065984811607927 -0.07736721161635027 , 0.09049257323564547 1.0860901821881466 
0.6568589894758352 -0.08870089387680771 , 0.6080240957148911 -0.10498088372787509 , 0.09202915047899865 1.0968792409928358 
0.650439654694269 -0.07296864510630259 , 0.6128592697304032 -0.1313970507538958 , 0.0936133112450528 1.1075631592483515 
0.6419137997922554 -0.06042031281429018 , 0.6197549015701042 -0.15452599467722902 , 0.0952435343073655 1.1181437708796722 
0.6325397963494442 -0.05131573470977625 , 0.6274540202588691 -0.17410950160909272 , 0.09691841906141171 1.128622699707022 
0.6230135336551964 -0.04524455673026316 , 0.6352620809266446 -0.19055940493791867 , 0.09863662108788405 1.1390014250563347 
0.6136848957435885 -0.04174775805802795 , 0.6428305192852293 -0.20433611949387392 , 0.1003968206409072 1.1492813409400549 
0.6047377749749901 -0.04045522953526181 , 0.6499767495643921 -0.21581110428212022 , 0.10219771113034275 1.159463797205535 
0.5962790091584579 -0.04108934656552729 , 0.6565952290431019 -0.2252633161404091 , 0.10403799746816532 1.1695501260940895 
0.5883799465843391 -0.04344548836023043 , 0.6626158900348674 -0.23289870690180312 , 0.10591639905051853 1.1795416586501866 
0.5810968150161168 -0.04737387294973403 , 0.6679837658605072 -0.23886839782622155 , 0.10783165479310113 1.1894397341641085 
0.5744816884274887 -0.052766234911009346 , 0.6726480183380825 -0.24328200644779874 , 0.10978252890415391 1.1992457047469611 
0.5685893129666693 -0.05954669382390661 , 0.6765551060036242 -0.246216779212029 , 0.11176781669943169 1.2089609364240888 
0.5634823224696202 -0.06766569233608259 , 0.6796435631153239 -0.24772365195461737 , 0.11378635008478116 1.218586807678853 
0.559236270364181 -0.07709610261499442 , 0.681838962797157 -0.24783114007630858 , 0.11583700250838716 1.2281247060794562 
0.5559455414414085 -0.08783083436281677 , 0.6830480009425554 -0.2465477256593561 , 0.11791869328576132 1.2375760234103261 
0.5537312602314113 -0.09988136121929217 , 0.683150584180481 -0.24386332495759555 , 0.1200303912578329 1.246942149565041 
0.5527527062377738 -0.11327637820267103 , 0.6819884116627654 -0.23975062372069583 , 0.122171117769186 1.2562244653115202 
0.5532245007627189 -0.1280589395090317 , 0.6793477859566646 -0.23416793099162048 , 0.12433994895034185 1.2654243338888056 
0.5554427988578186 -0.14427776938805437 , 0.674933419570875 -0.22706785843808056 , 0.12653601724103172 1.2745430912142883 
0.5598233144523235 -0.16196050026403563 , 0.6683304092601352 -0.21842407059541924 , 0.12875851195726665 1.2835820342476083 
0.5669426730340283 -0.18103308923063816 , 0.6589628842671812 -0.2083118541641719 , 0.13100667836851573 1.2925424067829634 
0.577505742049509 -0.20108973101287364 , 0.6461266796944628 -0.19713818745864686 , 0.13327981392575347 1.301425381859674 
0.591897923525427 -0.2208863859169761 , 0.6294370536988356 -0.1861481921326695 , 0.13557725844546267 1.310232041437799 
0.6089281238764284 -0.23819423551659244 , 0.6100857387808821 -0.17757166298336952 , 0.13789837301241487 1.3189633618881154 
0.6260198237148756 -0.25167581153576063 , 0.5906499014063665 -0.17274695439778281 , 0.14024251054848316 1.3276202293216968 
0.6415704585160569 -0.2617075438281421 , 0.572732774084599 -0.1712984795507586 , 0.14260900306906946 1.336203486767054 
0.6551257002470312 -0.26909860855450746 , 0.5567893634128726 -0.1724178992033048 , 0.14499717200982165 1.3447139711459657 
0.6666810351046772 -0.2745006163024903 , 0.5428248571056496 -0.17545444777378294 , 0.1474063434593985 1.3531525274644267 
0.6763466049813348 -0.2783672163640508 , 0.530729770812304 -0.17995533069763656 , 0.14983585987608655 1.3615200104498408 
0.68424075975116 -0.2810116394583967 , 0.5203863882156555 -0.18560817835349713 , 0.15228508770290977 1.3698172812000473 
0.690461247016547 -0.2826560010535773 , 0.5116975667709782 -0.19219173776362752 , 0.15475342188220015 1.3780452022053584 
0.6950794935899464 -0.2834635155186945 , 0.5045924538813351 -0.19954365320399092 , 0.15724028819844388 1.386204632110839 
0.6981410238980676 -0.28355879755925995 , 0.49902606766333335 -0.20754015981575674 , 0.15974514410832438 1.3942964207631703 
0.6996668186324416 -0.2830409832581758 , 0.4949779385347108 -0.21608295809765815 , 0.16226747850257295 1.4023214047439876 
0.6996539917146554 -0.28199271323114666 , 0.4924514332580532 -0.2250902268256745 , 0.16480681069701683 1.4102804034449747 
0.69807521388289 -0.28048688476835965 , 0.4914743329373595 -0.23448986752100417 , 0.16736268884947592 1.4181742156775174 
0.6948765468108697 -0.2785924996267767 , 0.49210100093176157 -0.2442136537714769 , 0.1699346879270941 1.4260036167864072 
0.6899732987182586 -0.27638077748865686 , 0.49441652965847266 -0.2541911153579929 , 0.1725224072929942 1.4337693562348033 
0.683243356947427 -0.27393296457101696 , 0.4985434107892698 -0.26434172768131536 , 0.17512546793302872 1.441472155640486 
0.6745173722603814 -0.2713521424193092 , 0.5046513541137201 -0.274563101465966 , 0.17774350929562396 1.449112707273429 
0.6635657434942295 -0.2687834082445433 , 0.5129703065122102 -0.2847108014505344 , 0.1803761856632858 1.4566916730832313 
0.6500859239416639 -0.26645132627083207 , 0.523803149821053 -0.2945608947818713 , 0.18302316190700854 1.464209684440857 
0.633709594336419 -0.26473228283700245 , 0.5375185329356077 -0.30373759679508106 , 0.18568410839769867 1.4716673430202372 
0.6141129788151366 -0.2642859539227767 , 0.5544405620334367 -0.31158180645044536 , 0.1883586948211521 1.4790652237613757 
0.5915037640421551 -0.26619154982748405 , 0.5743618886322696 -0.3170148686636817 , 0.1910465829953008 1.4864038818793195 
0.5677145655406824 -0.2715452721762077 , 0.5954502493176907 -0.318941131347492 , 0.19374742081135227 1.4936838669118535 
0.5457868756649208 -0.2800609346038693 , 0.6146645154103165 -0.31764734415719487 , 0.19646084459448815 1.500905742149218 
0.5272072101678593 -0.2903771258966005 , 0.6305185314458439 -0.31449550330270526 , 0.19918649405602223 1.5080700925874595 
0.511956145588233 -0.3014423332622683 , 0.6430320641984776 -0.3105377180663163 , 0.20192402588301486 1.5151775147167383 
0.4996118556480153 -0.3126806874725709 , 0.6526272616969736 -0.3063504522973483 , 0.2046731183247365 1.522228603158073 
0.4897637232583833 -0.32378712426673734 , 0.6597150418496479 -0.30223935368799504 , 0.20743347056169423 1.529223941342886 
0.4820887537338502 -0.3345894707146329 , 0.6646186817238015 -0.29837716194671443 , 0.21020480021207377 1.536164096049501 
0.47634582199789516 -0.3449801470890685 , 0.6675795732792899 -0.29487200403149255 , 0.21298684039254043 1.543049614508715 
0.4723578057917223 -0.3548828567985181 , 0.6687750930371478 -0.2918007029454118 , 0.21577933684085532 1.5498810231320839 
0.469996265755531 -0.3642353246602393 , 0.6683339246498131 -0.2892260392331373 , 0.21858204526438127 1.5566588272815305 
0.4691704462291303 -0.3729793816373026 , 0.6663470604871266 -0.2872066667071095 , 0.22139472895346854 1.563383511732566 
0.46981986828889294 -0.381054332530792 , 0.6628752107260074 -0.2858037457040229 , 0.22421715665482503 1.570055541622969 
0.4719095886339242 -0.388391517592301 , 0.6579535463484899 -0.28508638278305315 , 0.22704910068731135 1.5766753637635083 
0.4754274088770982 -0.3949087649116127 , 0.6515944915098022 -0.2851371799417108 , 0.229890335282825 1.5832434082414777 
0.48038250190734466 -0.40050362593975114 , 0.6437890986208021 -0.28605900095735676 , 0.2327406351415786 1.5897600902852622 
0.4868049346695727 -0.4050440900829102 , 0.6345075267974037 -0.28798425891598706 , 0.235599774202749 1.5962258123870516 
0.4947452085924491 -0.40835489097122074 , 0.6236995024272913 -0.2910886123468063 , 0.23846752464998497 1.6026409667061814 
0.5042716113715442 -0.4101964886304611 , 0.6112969680959325 -0.29561198578170794 , 0.2413436562022487 1.6090059378003234 
0.5154589873096033 -0.4102326476661145 , 0.5972253125633737 -0.3018909947008254 , 0.2442279357967484 1.6153211057550942 
0.5283494945063744 -0.40798428861921254 , 0.5814426132825463 -0.31040509778415865 , 0.24712012788080476 1.6215868497915256 
0.5428267422384022 -0.4027901814079863 , 0.5640654976766216 -0.3218159075686883 , 0.2500199957547016 1.627803552364829 
0.5582581410913355 -0.39392199141060463 , 0.5457267897290214 -0.3368521485894156 , 0.2529273048493685 1.6339716033881748 
0.572879408302087 -0.38135696435196903 , 0.5281909979935719 -0.3555369750078668 , 0.2558418293740666 1.6400914027479905 
0.5843611569161387 -0.36695661042499467 , 0.5137877163536418 -0.37600928214011586 , 0.258763362399945 1.6461633559532651 
0.5920214569848528 -0.3530223023850413 , 0.5031990566748957 -0.3959680942925447 , 0.261691722009977 1.6521878600657407 
0.5964737231435293 -0.3406133838857664 , 0.49581176585984815 -0.4143544448017467 , 0.26462674666634806 1.6581652920756678 
